VARIABLES = \
       "CD"       ,       "CL"       ,      "CEff"      
     0.05339568678,      0.4585197417,       8.587205622
     0.02687352868,      0.4692824591,       17.46262892
     0.02475099254,      0.4594218339,       18.56175397
     0.02323137661,      0.4626031114,       19.91285834
     0.02293714813,      0.4653921908,       20.28988905
     0.02270784433,      0.4669096246,       20.56160055
     0.02268066227,      0.4682840356,       20.64684135
     0.02268853313,      0.4696008192,       20.69771617
     0.02273867752,      0.4708318595,       20.70621122
     0.02282432706,      0.4720264208,       20.68084722
     0.02292326378,      0.4731360426,       20.63999469
     0.02301732983,      0.4740941983,       20.59727179
     0.02310175441,      0.4748890896,       20.55640802
     0.02318015104,      0.4755645032,       20.51602262
     0.02325542029,      0.4761585077,       20.47516243
     0.02332667725,      0.4766800777,       20.43497548
     0.02339265625,      0.4771346564,       20.39677117
      0.0234566131,      0.4775767682,       20.36000535
     0.02351941908,      0.4780238395,       20.32464483
     0.02357984469,       0.478461523,       20.29112274
     0.02363587059,      0.4788702833,       20.26031923
     0.02368896222,      0.4792584322,       20.23129708
     0.02373970756,      0.4796253238,       20.20350598
      0.0237867184,      0.4799588461,       20.17759819
     0.02383037213,      0.4802646864,       20.15346986
      0.0238694272,      0.4805320552,       20.13169613
     0.02390396543,      0.4807599078,       20.11214036
     0.02393409276,      0.4809511166,       20.09481293
     0.02396044571,      0.4811119089,       20.07942234
     0.02398413674,      0.4812512093,       20.06539633
     0.02400524796,      0.4813703897,       20.05271475
     0.02402426599,      0.4814742984,       20.04116582
     0.02404153443,      0.4815656348,       20.03056985
     0.02405723936,      0.4816461946,       20.02084227
     0.02407149933,      0.4817174412,        20.0119417
     0.02408435859,      0.4817799113,       20.00385061
     0.02409605842,      0.4818352734,       19.99643531
     0.02410671574,      0.4818841523,       19.98962271
     0.02411640735,      0.4819265441,       19.98334732
      0.0241251344,      0.4819639676,       19.97766975
     0.02413301201,       0.481997426,       19.97253496
     0.02414011097,      0.4820269766,        19.9678857
     0.02414640918,      0.4820523354,        19.9637276
     0.02415195428,      0.4820736775,       19.96002774
     0.02415681933,      0.4820913156,       19.95673806
     0.02416103707,      0.4821054844,       19.95384068
     0.02416467825,      0.4821166172,       19.95129471
      0.0241678447,      0.4821251741,       19.94903476
     0.02417060796,      0.4821314653,       19.94701441
      0.0241730165,      0.4821357496,       19.94520417
      0.0241751101,      0.4821382834,        19.9435817
     0.02417692361,      0.4821393394,       19.94212941
     0.02417848144,      0.4821391676,       19.94083743
     0.02417980481,      0.4821379946,       19.93969754
      0.0241809089,      0.4821360332,       19.93870599
     0.02418181399,       0.482133516,       19.93785562
     0.02418254451,      0.4821305992,       19.93713271
     0.02418312303,      0.4821273762,       19.93652249
     0.02418357306,      0.4821239143,       19.93600834
     0.02418391838,      0.4821202608,        19.9355726
     0.02418418079,      0.4821164486,       19.93519866
      0.0241843787,      0.4821125061,       19.93487251
     0.02418452665,      0.4821084647,       19.93458345
     0.02418463548,      0.4821043651,       19.93432424
     0.02418471253,      0.4821002544,       19.93409075
     0.02418476182,      0.4820961811,        19.9338817
     0.02418478536,      0.4820922002,        19.9336977
      0.0241847831,       0.482088351,        19.9335404
     0.02418475448,      0.4820846574,       19.93341127
     0.02418469967,      0.4820811345,       19.93331077
     0.02418462021,      0.4820777887,       19.93323792
     0.02418451924,      0.4820746218,       19.93319019
     0.02418440106,      0.4820716292,       19.93316386
     0.02418427072,      0.4820688045,       19.93315449
     0.02418413339,      0.4820661397,       19.93315749
     0.02418399383,      0.4820636296,       19.93316873
     0.02418385586,      0.4820612688,       19.93318483
     0.02418372225,      0.4820590532,       19.93320334
     0.02418359474,      0.4820569816,       19.93322278
     0.02418347411,       0.482055054,        19.9332425
     0.02418336027,      0.4820532694,       19.93326254
     0.02418325267,      0.4820516262,       19.93328328
     0.02418315046,      0.4820501209,       19.93330529
     0.02418305282,      0.4820487487,       19.93332902
     0.02418295914,      0.4820475031,       19.93335474
     0.02418286907,      0.4820463768,       19.93338241
     0.02418278254,      0.4820453613,       19.93341173
     0.02418269977,      0.4820444481,        19.9334422
     0.02418262112,       0.482043628,       19.93347312
     0.02418254699,       0.482042892,       19.93350378
     0.02418247779,      0.4820422311,       19.93353349
     0.02418241379,      0.4820416367,       19.93356167
      0.0241823551,      0.4820411008,       19.93358789
     0.02418230163,      0.4820406156,       19.93361191
      0.0241822531,      0.4820401745,       19.93363366
     0.02418220911,      0.4820397715,       19.93365326
      0.0241821691,      0.4820394016,       19.93367095
     0.02418213248,      0.4820390606,       19.93368703
     0.02418209869,      0.4820387457,       19.93370186
     0.02418206719,      0.4820384546,       19.93371579
     0.02418203756,      0.4820381861,       19.93372911
     0.02418200948,      0.4820379392,       19.93374205
     0.02418198276,      0.4820377137,       19.93375475
     0.02418195733,      0.4820375092,       19.93376726
     0.02418193319,      0.4820373257,       19.93377957
     0.02418191043,      0.4820371629,        19.9337916
     0.02418188917,      0.4820370202,       19.93380322
     0.02418186955,      0.4820368969,        19.9338143
     0.02418185167,      0.4820367918,       19.93382469
     0.02418183562,      0.4820367036,       19.93383427
     0.02418182142,      0.4820366308,       19.93384297
     0.02418180904,      0.4820365717,       19.93385073
     0.02418179838,      0.4820365245,       19.93385756
      0.0241817893,      0.4820364875,       19.93386352
     0.02418178163,      0.4820364591,       19.93386866
     0.02418177518,      0.4820364379,        19.9338731
     0.02418176974,      0.4820364225,       19.93387696
     0.02418176511,       0.482036412,       19.93388034
     0.02418176112,      0.4820364053,       19.93388334
     0.02418175763,      0.4820364017,       19.93388608
     0.02418175451,      0.4820364009,       19.93388861
     0.02418175169,      0.4820364022,       19.93389099
      0.0241817491,      0.4820364053,       19.93389326
      0.0241817467,      0.4820364102,       19.93389543
     0.02418174449,      0.4820364164,       19.93389751
     0.02418174247,       0.482036424,       19.93389949
     0.02418174064,      0.4820364327,       19.93390136
     0.02418173902,      0.4820364424,        19.9339031
     0.02418173762,      0.4820364529,       19.93390469
     0.02418173646,      0.4820364641,       19.93390611
     0.02418173553,      0.4820364759,       19.93390736
     0.02418173484,       0.482036488,       19.93390843
     0.02418173438,      0.4820365004,       19.93390933
     0.02418173412,      0.4820365129,       19.93391005
     0.02418173406,      0.4820365255,       19.93391062
     0.02418173416,      0.4820365379,       19.93391106
     0.02418173439,      0.4820365502,       19.93391138
     0.02418173472,      0.4820365623,       19.93391161
     0.02418173512,      0.4820365742,       19.93391177
     0.02418173556,      0.4820365858,       19.93391188
     0.02418173603,      0.4820365972,       19.93391196
     0.02418173651,      0.4820366082,       19.93391203
     0.02418173697,      0.4820366191,        19.9339121
     0.02418173741,      0.4820366296,       19.93391217
     0.02418173784,      0.4820366399,       19.93391224
     0.02418173824,        0.48203665,       19.93391233
     0.02418173862,      0.4820366598,       19.93391242
     0.02418173899,      0.4820366693,       19.93391251
     0.02418173935,      0.4820366786,        19.9339126
     0.02418173971,      0.4820366876,       19.93391267
     0.02418174007,      0.4820366964,       19.93391274
     0.02418174044,      0.4820367049,       19.93391278
     0.02418174082,       0.482036713,        19.9339128
     0.02418174121,      0.4820367208,       19.93391281
     0.02418174161,      0.4820367284,       19.93391279
