VARIABLES = \
       "CD"       ,       "CL"       ,      "CEff"      
     0.02994842992,      0.2922468473,       9.758336184
     0.01015623081,      0.2904058996,       28.59386567
    0.009952128138,      0.2834674791,       28.48310183
    0.008682356064,       0.285071169,       32.83338842
    0.008349751375,      0.2857904155,        34.2274162
    0.008156241465,      0.2861949093,       35.08906774
    0.008175753983,      0.2868509794,       35.08556886
    0.008233461709,       0.287504267,       34.91900213
    0.008278935365,      0.2880770239,       34.79638519
    0.008310311768,      0.2886166401,       34.72994132
    0.008338310758,      0.2891382676,       34.67588052
    0.008366075526,      0.2896247811,       34.61895368
    0.008392263563,      0.2900555652,       34.56225643
    0.008415245686,      0.2904215452,       34.51135665
     0.00843484027,        0.29072794,       34.46750984
    0.008451505006,      0.2909867366,       34.43016793
     0.00846571995,      0.2912104598,       34.39878256
    0.008477782907,      0.2914067474,       34.37299004
    0.008487884714,      0.2915790783,       34.35238438
    0.008496405979,      0.2917296927,       34.33565833
    0.008503759717,      0.2918594334,       34.32122298
    0.008510296929,      0.2919696957,       34.30781536
    0.008516364131,      0.2920627387,       34.29429909
    0.008522157393,      0.2921408563,       34.28015264
    0.008527839689,      0.2922069833,       34.26506525
    0.008533439406,      0.2922636924,       34.24922572
    0.008538911918,      0.2923130002,       34.23305019
    0.008544156914,      0.2923565094,       34.21712783
    0.008549048946,      0.2923951736,       34.20207036
    0.008553486355,      0.2924295513,       34.18834603
    0.008557387442,      0.2924597521,       34.17628968
    0.008560722046,       0.292485978,       34.16604071
    0.008563485735,      0.2925082996,       34.15762093
    0.008565734796,      0.2925269023,        34.1508241
    0.008567551071,      0.2925420775,       34.14535555
    0.008569031822,      0.2925543016,       34.14088169
    0.008570268172,      0.2925640031,        34.1370885
    0.008571341688,      0.2925716132,       34.13370087
    0.008572313538,      0.2925775018,       34.13051803
    0.008573223642,      0.2925820278,       34.12742278
     0.00857409611,      0.2925855117,       34.12435643
    0.008574938692,      0.2925881722,        34.1213136
    0.008575744919,      0.2925902247,       34.11834511
    0.008576502722,      0.2925917899,       34.11551297
    0.008577195506,      0.2925928872,       34.11288539
    0.008577807075,      0.2925934965,       34.11052428
    0.008578323256,      0.2925936117,       34.10848519
    0.008578737459,      0.2925932461,       34.10679573
    0.008579050057,      0.2925924173,       34.10545636
    0.008579268922,      0.2925911799,       34.10444207
    0.008579408383,      0.2925895979,       34.10370329
     0.00857948562,      0.2925877378,       34.10317946
    0.008579519172,      0.2925856517,       34.10280295
     0.00857952605,      0.2925833872,       34.10251166
    0.008579521651,      0.2925809755,       34.10224805
    0.008579517745,      0.2925784487,       34.10196906
    0.008579522398,      0.2925758302,       34.10164537
     0.00857953818,      0.2925731441,       34.10126955
    0.008579563883,      0.2925704049,       34.10084812
    0.008579595542,      0.2925676378,       34.10039976
    0.008579626829,      0.2925648607,       34.09995173
    0.008579650482,      0.2925620862,       34.09953434
    0.008579659654,      0.2925593332,         34.099177
    0.008579648616,       0.292556628,       34.09890557
    0.008579613365,      0.2925540044,       34.09873988
    0.008579552526,      0.2925514898,       34.09868858
    0.008579467794,      0.2925491073,       34.09874765
    0.008579363437,      0.2925468756,       34.09890229
    0.008579245389,      0.2925448065,       34.09913031
    0.008579120745,      0.2925429078,       34.09940442
    0.008578996889,      0.2925411829,       34.09969565
    0.008578880664,      0.2925396294,       34.09997654
    0.008578778242,      0.2925382419,       34.10022193
     0.00857869455,      0.2925370115,       34.10041118
    0.008578632478,      0.2925359231,       34.10053105
    0.008578592587,      0.2925349557,       34.10057684
    0.008578573218,      0.2925340856,       34.10055241
    0.008578570879,      0.2925332892,       34.10046886
    0.008578580904,      0.2925325439,       34.10034214
     0.00857859809,      0.2925318292,       34.10019052
    0.008578617401,      0.2925311285,       34.10003207
    0.008578634196,        0.29253043,       34.09988389
    0.008578644481,      0.2925297272,       34.09976108
    0.008578645318,      0.2925290193,       34.09967524
    0.008578635063,      0.2925283096,       34.09963327
    0.008578613426,      0.2925276046,        34.0996371
    0.008578581309,      0.2925269128,       34.09968411
    0.008578540594,      0.2925262431,       34.09976789
    0.008578493803,      0.2925256042,        34.0998794
     0.00857844376,      0.2925250035,       34.10000831
    0.008578393214,      0.2925244471,       34.10014438
    0.008578344598,      0.2925239386,       34.10027836
    0.008578300029,      0.2925234806,       34.10040213
    0.008578261248,      0.2925230744,       34.10050895
    0.008578229409,      0.2925227198,       34.10059418
    0.008578204955,      0.2925224142,       34.10065576
    0.008578187656,       0.292522153,       34.10069408
    0.008578176754,      0.2925219304,       34.10071147
    0.008578171126,        0.29252174,       34.10071164
    0.008578169477,      0.2925215757,       34.10069905
    0.008578170509,      0.2925214322,       34.10067822
    0.008578173043,      0.2925213047,       34.10065328
    0.008578176087,      0.2925211893,       34.10062772
    0.008578178819,      0.2925210822,       34.10060439
    0.008578180622,      0.2925209806,       34.10058537
    0.008578181124,      0.2925208823,       34.10057191
    0.008578180189,      0.2925207859,       34.10056439
    0.008578177876,      0.2925206909,       34.10056252
    0.008578174385,      0.2925205972,       34.10056546
    0.008578169999,      0.2925205048,       34.10057213
     0.00857816503,      0.2925204142,       34.10058132
    0.008578159768,      0.2925203258,       34.10059193
    0.008578154458,      0.2925202403,       34.10060308
    0.008578149281,      0.2925201582,       34.10061409
    0.008578144354,      0.2925200801,       34.10062457
    0.008578139737,      0.2925200066,       34.10063435
    0.008578135439,       0.292519938,       34.10064344
     0.00857813144,       0.292519875,       34.10065199
    0.008578127698,      0.2925198177,        34.1006602
    0.008578124172,      0.2925197666,       34.10066825
    0.008578120835,      0.2925197216,       34.10067627
    0.008578117679,      0.2925196828,       34.10068429
    0.008578114724,      0.2925196499,       34.10069221
    0.008578112006,      0.2925196228,       34.10069985
    0.008578109576,       0.292519601,       34.10070697
    0.008578107489,       0.292519584,       34.10071329
    0.008578105791,      0.2925195711,       34.10071853
    0.008578104518,      0.2925195616,       34.10072248
    0.008578103681,      0.2925195548,       34.10072502
    0.008578103263,        0.29251955,       34.10072612
    0.008578103225,      0.2925195465,       34.10072586
    0.008578103502,      0.2925195436,       34.10072442
    0.008578104016,      0.2925195408,       34.10072205
    0.008578104676,      0.2925195376,       34.10071906
     0.00857810539,      0.2925195338,       34.10071578
    0.008578106069,      0.2925195292,       34.10071254
    0.008578106633,      0.2925195237,       34.10070965
    0.008578107019,      0.2925195172,       34.10070737
    0.008578107189,        0.29251951,       34.10070585
     0.00857810713,      0.2925195022,       34.10070517
    0.008578106854,      0.2925194942,       34.10070534
    0.008578106391,      0.2925194861,       34.10070624
    0.008578105787,      0.2925194783,       34.10070773
    0.008578105097,      0.2925194711,       34.10070963
    0.008578104373,      0.2925194646,       34.10071175
    0.008578103666,      0.2925194589,        34.1007139
     0.00857810302,      0.2925194542,       34.10071591
     0.00857810247,      0.2925194504,       34.10071766
    0.008578102041,      0.2925194476,       34.10071904
    0.008578101741,      0.2925194456,          34.10072
    0.008578101567,      0.2925194443,       34.10072054
    0.008578101504,      0.2925194436,       34.10072071
    0.008578101528,      0.2925194434,       34.10072059
    0.008578101613,      0.2925194434,       34.10072025
    0.008578101731,      0.2925194436,       34.10071981
    0.008578101859,      0.2925194439,       34.10071934
    0.008578101977,      0.2925194443,       34.10071891
    0.008578102068,      0.2925194447,       34.10071859
    0.008578102121,       0.292519445,       34.10071842
    0.008578102129,      0.2925194452,       34.10071841
    0.008578102094,      0.2925194453,       34.10071856
    0.008578102022,      0.2925194453,       34.10071885
    0.008578101924,      0.2925194452,       34.10071923
    0.008578101811,      0.2925194451,       34.10071966
    0.008578101696,       0.292519445,       34.10072011
     0.00857810159,      0.2925194449,       34.10072051
    0.008578101503,      0.2925194448,       34.10072086
    0.008578101439,      0.2925194448,        34.1007211
    0.008578101405,      0.2925194448,       34.10072124
