VARIABLES = \
       "CD"       ,       "CL"       ,      "CEff"      
      0.1966631881,      0.8499481431,       4.321846662
      0.1679222714,      0.9156512209,       5.452827746
      0.1640455975,      0.9237954239,       5.631333225
      0.1622497099,       0.936957153,       5.774784766
       0.161790234,      0.9441767521,       5.835808064
      0.1610380538,      0.9472077263,       5.881887566
      0.1606331826,       0.949209939,       5.909177193
      0.1608890053,      0.9515734563,       5.914471623
      0.1616127829,      0.9543535355,       5.905185954
      0.1624571674,      0.9568614171,        5.88993045
      0.1631826555,      0.9583404099,       5.872808031
      0.1637853519,      0.9588482973,       5.854298241
      0.1643417603,      0.9587818758,       5.834073301
      0.1648947875,      0.9585029509,       5.812815342
      0.1655041979,      0.9583905274,       5.790732437
      0.1661585093,      0.9584379619,       5.768214737
      0.1667868006,      0.9583274172,       5.745822892
       0.167302247,      0.9577568879,       5.724710246
       0.167705112,      0.9567752729,       5.705105001
      0.1681065989,      0.9558645566,       5.686062077
      0.1685824763,      0.9553268361,       5.666821709
      0.1690862799,      0.9550169844,       5.648104537
      0.1695150585,      0.9545078738,       5.630814645
      0.1698721431,      0.9538166883,       5.614909371
      0.1701318582,      0.9528429026,       5.600614212
      0.1702978054,      0.9515521444,       5.587577257
      0.1704571384,      0.9502712579,       5.574839908
      0.1706693427,      0.9492733967,       5.562061597
      0.1709355439,      0.9485921358,       5.549414209
      0.1712308291,      0.9481289404,       5.537139224
      0.1714955154,      0.9476490628,       5.525795007
      0.1717381087,      0.9471617719,        5.51515199
      0.1719731924,      0.9467241156,       5.505067984
      0.1722019502,      0.9463309678,       5.495471838
      0.1724223866,      0.9459621648,       5.486307106
      0.1726331722,       0.945608354,       5.477558815
      0.1728348531,      0.9452773994,       5.469252194
      0.1730041315,      0.9448756483,       5.461578519
      0.1731463172,      0.9444301647,       5.454520663
      0.1732765963,      0.9440059867,       5.447971665
      0.1734082483,      0.9436490456,       5.441777164
      0.1735462232,      0.9433925797,       5.435972977
      0.1736849389,      0.9432062211,       5.430558498
      0.1738173107,      0.9430503499,       5.425526065
      0.1739312573,      0.9428610589,       5.420883364
      0.1740249289,       0.942643405,       5.416714784
      0.1741075639,      0.9424311629,       5.412924872
      0.1741807184,      0.9422215738,       5.409448199
      0.1742415518,      0.9420019479,       5.406299118
      0.1742984466,      0.9417982696,       5.403365824
      0.1743498878,      0.9416016629,       5.400643927
      0.1743944481,      0.9414098939,       5.398164358
      0.1744345898,      0.9412332958,       5.395909705
      0.1744726984,      0.9410788994,       5.393846188
      0.1745103091,      0.9409493712,       5.391941462
      0.1745480302,      0.9408444158,       5.390174925
      0.1745827404,      0.9407485504,        5.38855415
      0.1746191387,      0.9406787434,       5.387031173
      0.1746520187,      0.9406115151,       5.385632082
       0.174680781,       0.940543434,       5.384355557
      0.1747057555,      0.9404730353,       5.383182899
      0.1747287385,      0.9404068298,       5.382095914
      0.1747506904,      0.9403483581,       5.381085224
      0.1747716337,      0.9402973326,       5.380148442
      0.1747914828,      0.9402525514,       5.379281281
      0.1748099267,      0.9402121577,        5.37848265
      0.1748266171,       0.940174063,       5.377751276
      0.1748420548,      0.9401392692,       5.377077445
       0.174856828,      0.9401098379,       5.376454832
      0.1748704755,      0.9400833251,        5.37588362
      0.1748830114,      0.9400592927,       5.375360848
      0.1748944583,      0.9400371199,       5.374882252
      0.1749048616,      0.9400168436,       5.374446628
      0.1749143386,       0.939998395,       5.374049963
       0.174923002,      0.9399817201,       5.373688475
      0.1749309127,      0.9399666595,       5.373359374
      0.1749381389,      0.9399533433,       5.373061295
       0.174944715,      0.9399415748,       5.372792055
      0.1749506711,      0.9399311032,       5.372549287
      0.1749560432,      0.9399217121,       5.372330642
      0.1749608751,      0.9399132318,       5.372133806
       0.174965201,      0.9399055645,       5.371957162
      0.1749690565,      0.9398986411,       5.371799219
      0.1749724726,      0.9398923719,       5.371658511
      0.1749754788,      0.9398866686,       5.371533628
      0.1749781071,      0.9398814659,        5.37142321
      0.1749804047,      0.9398767585,       5.371325779
      0.1749824081,      0.9398725271,       5.371240101
      0.1749841381,       0.939868721,       5.371165244
      0.1749856187,      0.9398653017,       5.371100257
      0.1749868716,      0.9398622278,       5.371044235
      0.1749879182,      0.9398594657,       5.370996327
      0.1749887793,      0.9398569889,       5.370955741
      0.1749894748,      0.9398547748,       5.370921741
      0.1749900221,      0.9398527993,       5.370893655
      0.1749904365,      0.9398510378,       5.370870868
      0.1749907324,      0.9398494668,       5.370852811
      0.1749909229,      0.9398480664,       5.370838961
      0.1749910207,      0.9398468198,       5.370828835
      0.1749910377,      0.9398457131,       5.370821988
      0.1749909849,       0.939844734,       5.370818016
      0.1749908718,       0.939843871,       5.370816552
      0.1749907074,       0.939843113,       5.370817267
      0.1749904995,        0.93984245,        5.37081986
       0.174990255,      0.9398418724,       5.370824063
      0.1749899803,      0.9398413716,       5.370829631
      0.1749896811,      0.9398409395,       5.370836346
      0.1749893623,       0.939840569,       5.370844013
      0.1749890285,      0.9398402535,       5.370852457
      0.1749886835,      0.9398399871,       5.370861522
       0.174988331,      0.9398397646,       5.370871071
       0.174987974,      0.9398395813,       5.370880981
      0.1749876153,      0.9398394331,       5.370891144
      0.1749872572,       0.939839316,       5.370901464
      0.1749869019,      0.9398392267,        5.37091186
       0.174986551,      0.9398391617,        5.37092226
      0.1749862059,      0.9398391182,       5.370932601
      0.1749858681,      0.9398390933,       5.370942829
      0.1749855383,      0.9398390845,       5.370952901
      0.1749852175,      0.9398390898,       5.370962778
      0.1749849063,       0.939839107,       5.370972428
      0.1749846052,      0.9398391345,       5.370981826
      0.1749843147,      0.9398391708,        5.37099095
       0.174984035,      0.9398392143,       5.370999784
      0.1749837663,      0.9398392639,       5.371008316
      0.1749835086,      0.9398393185,       5.371016537
      0.1749832621,      0.9398393771,        5.37102444
      0.1749830265,      0.9398394388,       5.371032022
      0.1749828019,      0.9398395028,       5.371039284
      0.1749825879,      0.9398395685,       5.371046225
      0.1749823846,      0.9398396352,       5.371052849
      0.1749821914,      0.9398397024,       5.371059161
      0.1749820084,      0.9398397697,       5.371065166
       0.174981835,      0.9398398367,        5.37107087
       0.174981671,      0.9398399031,       5.371076282
      0.1749815161,      0.9398399685,        5.37108141
        0.17498137,      0.9398400327,       5.371086262
      0.1749812323,      0.9398400955,       5.371090848
      0.1749811027,      0.9398401568,       5.371095177
      0.1749809808,      0.9398402163,        5.37109926
      0.1749808663,      0.9398402741,       5.371103105
      0.1749807588,        0.93984033,       5.371106723
       0.174980658,       0.939840384,       5.371110124
      0.1749805637,      0.9398404359,       5.371113318
      0.1749804754,      0.9398404859,       5.371116314
      0.1749803928,      0.9398405338,       5.371119123
      0.1749803157,      0.9398405798,       5.371121752
      0.1749802437,      0.9398406237,       5.371124211
      0.1749801767,      0.9398406656,        5.37112651
      0.1749801142,      0.9398407056,       5.371128657
       0.174980056,      0.9398407437,       5.371130659
       0.174980002,      0.9398407799,       5.371132525
      0.1749799518,      0.9398408143,       5.371134263
      0.1749799052,      0.9398408469,        5.37113588
      0.1749798619,      0.9398408778,       5.371137383
      0.1749798219,      0.9398409071,       5.371138779
      0.1749797849,      0.9398409347,       5.371140074
      0.1749797506,      0.9398409608,       5.371141275
       0.174979719,      0.9398409854,       5.371142387
      0.1749796898,      0.9398410087,       5.371143416
      0.1749796628,      0.9398410305,       5.371144368
       0.174979638,      0.9398410511,       5.371145246
      0.1749796152,      0.9398410704,       5.371146057
      0.1749795943,      0.9398410885,       5.371146804
       0.174979575,      0.9398411056,       5.371147493
      0.1749795573,      0.9398411215,       5.371148126
      0.1749795412,      0.9398411364,       5.371148708
      0.1749795264,      0.9398411504,       5.371149242
      0.1749795128,      0.9398411635,       5.371149733
      0.1749795005,      0.9398411757,       5.371150182
      0.1749794892,      0.9398411871,       5.371150593
      0.1749794789,      0.9398411977,       5.371150968
      0.1749794696,      0.9398412077,       5.371151311
      0.1749794611,      0.9398412169,       5.371151624
      0.1749794535,      0.9398412255,       5.371151909
      0.1749794465,      0.9398412335,       5.371152168
      0.1749794402,      0.9398412409,       5.371152404
      0.1749794345,      0.9398412478,       5.371152617
      0.1749794294,      0.9398412541,       5.371152811
      0.1749794248,      0.9398412601,       5.371152986
      0.1749794207,      0.9398412655,       5.371153144
       0.174979417,      0.9398412706,       5.371153286
      0.1749794137,      0.9398412753,       5.371153414
      0.1749794108,      0.9398412796,       5.371153529
      0.1749794081,      0.9398412836,       5.371153632
      0.1749794058,      0.9398412873,       5.371153724
      0.1749794038,      0.9398412907,       5.371153806
       0.174979402,      0.9398412938,       5.371153879
      0.1749794004,      0.9398412967,       5.371153944
       0.174979399,      0.9398412993,       5.371154001
      0.1749793978,      0.9398413017,       5.371154052
      0.1749793968,      0.9398413039,       5.371154096
      0.1749793959,       0.939841306,       5.371154135
      0.1749793952,      0.9398413078,       5.371154168
      0.1749793946,      0.9398413095,       5.371154197
       0.174979394,       0.939841311,       5.371154222
      0.1749793936,      0.9398413124,       5.371154244
      0.1749793932,      0.9398413137,       5.371154262
       0.174979393,      0.9398413149,       5.371154276
      0.1749793928,      0.9398413159,       5.371154289
      0.1749793926,      0.9398413169,       5.371154299
      0.1749793925,      0.9398413177,       5.371154307
      0.1749793925,      0.9398413185,       5.371154313
      0.1749793925,      0.9398413192,       5.371154317
      0.1749793925,      0.9398413198,        5.37115432
