VARIABLES = \
       "CD"       ,       "CL"       ,      "CEff"      
      0.1149343716,      0.4157084492,        3.61692019
     0.08194983975,      0.4297614353,       5.244201046
     0.07724774163,      0.4195584019,       5.431335506
     0.07438453351,      0.4201498838,       5.648350054
     0.07352409191,      0.4219839911,       5.739397525
     0.07311863166,      0.4229842478,       5.784903768
     0.07299707898,       0.423722248,       5.804646624
     0.07311436588,      0.4248517484,       5.810783466
     0.07343282789,      0.4263782925,       5.806371684
     0.07380648071,       0.427817208,       5.796472124
     0.07418933925,      0.4290605415,       5.783318006
     0.07459410482,      0.4302926003,       5.768453168
     0.07502637361,      0.4315980651,       5.752617971
     0.07546963298,      0.4329409311,       5.736624308
     0.07590788718,      0.4342025886,       5.720124809
      0.0763156641,      0.4352883278,       5.703787459
     0.07670147836,      0.4362192029,       5.687233313
     0.07704527723,      0.4369299086,       5.671079712
     0.07735735776,      0.4375276971,       5.655928664
     0.07766744204,      0.4381848819,       5.641809108
     0.07798090002,      0.4389410336,       5.628827489
     0.07828186722,      0.4397167308,       5.617095586
      0.0785549447,      0.4403831557,       5.606052647
     0.07880936245,      0.4409681069,       5.595377163
      0.0790504701,       0.441454107,       5.584458972
     0.07926584421,      0.4417881069,       5.573499044
      0.0794549733,      0.4420092727,       5.563015811
     0.07961634322,      0.4421429439,       5.553419386
     0.07975924912,      0.4422188796,       5.544421299
     0.07988157373,       0.442254465,       5.536376468
     0.07999293002,      0.4422746373,       5.528921583
     0.08010365164,      0.4423324088,       5.522000554
     0.08021829984,      0.4424362223,       5.515402634
     0.08033400771,      0.4425784084,       5.509228544
     0.08044592017,      0.4427277324,       5.503420577
     0.08055015232,      0.4428584349,       5.497921757
     0.08064670606,      0.4429716004,       5.492742631
     0.08073842364,      0.4430869998,       5.487932262
     0.08082445974,      0.4432055807,       5.483557602
     0.08090433677,       0.443320269,       5.479561254
     0.08097918862,      0.4434338949,       5.475899455
     0.08104733461,        0.44353586,       5.472553319
     0.08110770603,      0.4436184655,       5.469498366
      0.0811612026,      0.4436834743,       5.466694185
     0.08121107062,      0.4437448372,       5.464092934
     0.08125864832,      0.4438059429,       5.461645647
     0.08130361468,       0.443865288,        5.45935491
      0.0813468629,      0.4439243558,       5.457178556
      0.0813866631,      0.4439758001,       5.455141951
      0.0814227045,      0.4440173677,       5.453237773
     0.08145505847,      0.4440480344,       5.451448231
     0.08148422747,      0.4440707419,       5.449775444
     0.08151033133,      0.4440846256,       5.448200471
     0.08153394919,      0.4440956118,        5.44675704
     0.08155572947,      0.4441063512,       5.445434111
     0.08157594892,       0.444116423,       5.444207869
     0.08159474228,      0.4441265026,        5.44307746
     0.08161220277,      0.4441367259,        5.44203821
     0.08162844662,      0.4441474535,       5.441086678
      0.0816436425,      0.4441588158,       5.440213129
      0.0816576887,      0.4441696382,       5.439409874
     0.08167061986,      0.4441797956,       5.438673006
     0.08168257004,        0.44418984,       5.438000295
     0.08169361472,      0.4441998135,       5.437387181
     0.08170376901,       0.444209276,       5.436827228
     0.08171303411,      0.4442177454,       5.436314417
     0.08172146285,       0.444225094,       5.435843638
     0.08172911419,      0.4442313303,       5.435411049
     0.08173603713,      0.4442364414,       5.435013208
     0.08174228829,      0.4442405065,       5.434647302
     0.08174793924,      0.4442437616,       5.434311442
     0.08175305179,      0.4442464115,       5.434004013
     0.08175767638,      0.4442485655,       5.433722987
     0.08176185669,       0.444250303,       5.433466423
     0.08176563596,      0.4442516963,       5.433232325
     0.08176904251,      0.4442527403,       5.433018739
     0.08177210654,      0.4442534482,       5.432823819
     0.08177486398,       0.444253863,       5.432645698
     0.08177733837,      0.4442539871,       5.432482836
     0.08177955305,      0.4442538445,       5.432333975
     0.08178153261,      0.4442534803,       5.432198029
     0.08178330064,      0.4442529368,       5.432073949
     0.08178487847,      0.4442522518,       5.431960774
     0.08178628516,      0.4442514555,       5.431857611
     0.08178753748,      0.4442505698,       5.431763609
      0.0817886503,      0.4442496101,       5.431677971
     0.08178963689,      0.4442485881,       5.431599955
     0.08179050921,      0.4442475139,       5.431528892
      0.0817912783,       0.444246398,       5.431464175
     0.08179195445,      0.4442452517,       5.431405261
     0.08179254725,      0.4442440874,       5.431351662
     0.08179306558,      0.4442429171,       5.431302935
     0.08179351757,      0.4442417522,        5.43125868
     0.08179391056,      0.4442406024,       5.431218527
     0.08179425114,      0.4442394756,       5.431182136
     0.08179454517,      0.4442383777,        5.43114919
     0.08179479786,      0.4442373129,       5.431119393
     0.08179501393,      0.4442362843,       5.431092471
     0.08179519743,      0.4442352931,       5.431068168
     0.08179535224,      0.4442343417,       5.431046258
     0.08179548184,      0.4442334313,       5.431026522
     0.08179558913,      0.4442325608,       5.431008757
      0.0817956768,      0.4442317301,       5.430992779
     0.08179574736,      0.4442309392,       5.430978425
     0.08179580305,      0.4442301878,       5.430965542
      0.0817958458,      0.4442294752,       5.430953991
     0.08179587734,      0.4442288001,       5.430943643
     0.08179589919,      0.4442281611,       5.430934381
     0.08179591271,       0.444227557,       5.430926098
     0.08179591911,      0.4442269865,       5.430918698
     0.08179591946,      0.4442264483,       5.430912095
      0.0817959147,       0.444225941,       5.430906209
     0.08179590569,      0.4442254635,       5.430900969
     0.08179589316,      0.4442250144,       5.430896311
     0.08179587776,      0.4442245927,       5.430892178
     0.08179586009,      0.4442241972,       5.430888516
     0.08179584062,      0.4442238266,       5.430885278
      0.0817958198,      0.4442234799,       5.430882421
     0.08179579801,      0.4442231558,       5.430879906
     0.08179577556,      0.4442228534,       5.430877699
     0.08179575274,      0.4442225714,       5.430875768
     0.08179572977,       0.444222309,       5.430874084
     0.08179570687,      0.4442220651,       5.430872623
      0.0817956842,      0.4442218387,        5.43087136
     0.08179566189,      0.4442216288,       5.430870275
     0.08179564008,      0.4442214346,       5.430869349
     0.08179561884,      0.4442212551,       5.430868565
     0.08179559825,      0.4442210894,       5.430867907
     0.08179557836,      0.4442209367,        5.43086736
     0.08179555923,      0.4442207962,       5.430866912
     0.08179554088,      0.4442206669,        5.43086655
     0.08179552333,      0.4442205482,       5.430866264
     0.08179550659,      0.4442204394,       5.430866045
     0.08179549067,      0.4442203396,       5.430865882
     0.08179547556,      0.4442202483,        5.43086577
     0.08179546125,      0.4442201649,         5.4308657
     0.08179544773,      0.4442200887,       5.430865665
     0.08179543499,      0.4442200192,       5.430865662
       0.081795423,      0.4442199559,       5.430865684
     0.08179541174,      0.4442198982,       5.430865727
     0.08179540118,      0.4442198459,       5.430865788
      0.0817953913,      0.4442197983,       5.430865863
     0.08179538206,      0.4442197552,       5.430865949
     0.08179537345,      0.4442197162,       5.430866044
     0.08179536542,       0.444219681,       5.430866146
     0.08179535796,      0.4442196492,       5.430866253
     0.08179535102,      0.4442196205,       5.430866363
     0.08179534458,      0.4442195947,       5.430866476
     0.08179533861,      0.4442195716,        5.43086659
     0.08179533308,       0.444219551,       5.430866704
     0.08179532796,      0.4442195325,       5.430866818
     0.08179532323,       0.444219516,       5.430866931
     0.08179531887,      0.4442195014,       5.430867042
     0.08179531483,      0.4442194885,       5.430867151
     0.08179531112,      0.4442194771,       5.430867259
      0.0817953077,       0.444219467,       5.430867363
     0.08179530455,      0.4442194583,       5.430867465
     0.08179530166,      0.4442194506,       5.430867563
     0.08179529901,       0.444219444,       5.430867658
     0.08179529658,      0.4442194383,        5.43086775
     0.08179529436,      0.4442194335,       5.430867838
     0.08179529234,      0.4442194293,       5.430867922
     0.08179529049,      0.4442194259,       5.430868003
     0.08179528881,       0.444219423,       5.430868079
     0.08179528728,      0.4442194207,       5.430868152
      0.0817952859,      0.4442194189,       5.430868222
     0.08179528465,      0.4442194175,       5.430868287
     0.08179528352,      0.4442194164,       5.430868349
     0.08179528251,      0.4442194157,       5.430868408
     0.08179528159,      0.4442194152,       5.430868463
     0.08179528077,       0.444219415,       5.430868515
     0.08179528004,       0.444219415,       5.430868564
     0.08179527938,      0.4442194152,        5.43086861
     0.08179527879,      0.4442194156,       5.430868653
     0.08179527827,       0.444219416,       5.430868694
      0.0817952778,      0.4442194166,       5.430868732
     0.08179527738,      0.4442194173,       5.430868768
     0.08179527702,       0.444219418,       5.430868801
