VARIABLES = \
       "CD"       ,       "CL"       ,      "CEff"      
      0.1017084457,      0.4941675098,       4.858667405
      0.0738508965,      0.5692319359,       7.707854106
     0.07229021253,      0.5774988681,       7.988617654
     0.06962937047,      0.5807435401,       8.340496779
     0.06856478833,       0.583230931,       8.506274799
     0.06804975217,      0.5857117906,       8.607111296
     0.06806419773,      0.5889424562,        8.65274955
     0.06845204961,      0.5925328047,       8.656173307
     0.06899273234,      0.5954899064,       8.631197609
     0.06952297656,      0.5975579352,       8.595114374
     0.07005097325,      0.5993068577,       8.555296663
     0.07061021663,       0.601090926,       8.512803879
     0.07116918512,      0.6027506201,       8.469264037
     0.07169698975,      0.6041391017,       8.426282663
     0.07221566932,      0.6054745419,       8.384254382
     0.07272031278,      0.6068018332,       8.344323752
     0.07318515424,      0.6079208318,       8.306614068
     0.07363074216,      0.6088991531,       8.269632157
       0.074039825,      0.6096751194,       8.234421399
     0.07441346321,      0.6102942025,       8.201394964
     0.07475051304,       0.610746468,       8.170465233
     0.07505490532,      0.6111030266,       8.142079775
     0.07537117294,      0.6115966842,       8.114464196
     0.07569956775,      0.6122827661,        8.08832579
     0.07602409433,        0.61305929,       8.064013066
     0.07634667457,      0.6138742047,       8.040614842
     0.07665987662,       0.614713079,       8.018706866
     0.07695256336,      0.6154845882,       7.998233734
     0.07721266397,      0.6161204041,        7.97952528
     0.07745019793,      0.6166643088,        7.96207531
     0.07766143746,      0.6170893103,       7.945890914
     0.07784370874,      0.6173396813,       7.930501915
     0.07800014096,      0.6174904181,       7.916529515
     0.07813729567,      0.6175977162,       7.904006799
     0.07826711057,      0.6176884339,       7.892056184
     0.07838170286,       0.617713713,       7.880840687
     0.07848415664,      0.6177114673,       7.870524368
     0.07858768811,      0.6177752642,       7.860967526
     0.07869160021,      0.6178816004,       7.851938438
     0.07878950658,      0.6179832648,       7.843471695
     0.07887833239,      0.6180591632,       7.835601292
     0.07895501126,      0.6180891138,       7.828370915
     0.07901734824,      0.6180539371,       7.821749917
     0.07906877506,      0.6179720954,       7.815627534
     0.07911444979,      0.6178839684,       7.810001461
     0.07915406246,      0.6177841599,       7.804832003
     0.07918813714,      0.6176774305,       7.800125787
     0.07921871467,      0.6175806482,       7.795893316
     0.07924741438,      0.6175039257,       7.792101869
     0.07927511476,      0.6174483305,       7.788677852
      0.0793020804,      0.6174099531,       7.785545475
     0.07932790711,      0.6173836755,       7.782679488
        0.07935224,      0.6173631134,       7.780033852
     0.07937495527,      0.6173459762,       7.777591485
     0.07939599518,      0.6173315952,       7.775349296
      0.0794151986,      0.6173187668,       7.773307599
     0.07943250307,      0.6173065286,       7.771460104
     0.07944782469,      0.6172945183,       7.769810196
     0.07946192505,      0.6172863192,       7.768328276
      0.0794748897,      0.6172807358,       7.766990783
     0.07948689502,      0.6172785275,       7.765789912
     0.07949829519,      0.6172813345,       7.764711595
      0.0795092266,      0.6172892148,       7.763743168
     0.07951966992,      0.6173012023,       7.762874304
     0.07952949466,      0.6173157516,       7.762098254
       0.079538608,       0.617331409,       7.761405744
     0.07954698325,      0.6173472591,       7.760787825
      0.0795545841,      0.6173624967,       7.760237876
      0.0795613821,        0.61737642,       7.759749814
     0.07956750566,      0.6173895664,       7.759317843
     0.07957295592,      0.6174014049,       7.758935153
     0.07957771878,      0.6174115037,       7.758597672
     0.07958188099,      0.6174205077,       7.758305032
     0.07958564288,      0.6174291214,       7.758046541
     0.07958901264,      0.6174371279,       7.757818666
      0.0795919882,      0.6174443548,       7.757619438
     0.07959455069,      0.6174506161,       7.757448352
     0.07959674038,      0.6174558913,        7.75730122
     0.07959857948,      0.6174601275,        7.75717521
     0.07960010019,       0.617463353,       7.757067535
     0.07960134149,      0.6174656828,        7.75697584
     0.07960233279,      0.6174672217,       7.756898574
     0.07960310596,      0.6174681197,       7.756834514
     0.07960369714,      0.6174685501,       7.756782315
     0.07960414103,      0.6174686672,       7.756740531
     0.07960446714,       0.617468589,       7.756707773
     0.07960469876,      0.6174683981,       7.756682806
      0.0796048537,      0.6174681491,        7.75666458
     0.07960494538,      0.6174678747,         7.7566522
     0.07960498363,        0.61746759,       7.756644896
     0.07960497573,      0.6174672977,       7.756641995
      0.0796049278,      0.6174669975,       7.756642892
     0.07960484584,      0.6174666919,       7.756647041
     0.07960473597,      0.6174663887,       7.756653938
     0.07960460432,      0.6174660987,       7.756663123
     0.07960445662,      0.6174658334,       7.756674181
     0.07960429803,      0.6174656026,       7.756686735
     0.07960413293,      0.6174654134,       7.756700446
     0.07960396487,      0.6174652693,       7.756715012
     0.07960379658,      0.6174651706,        7.75673017
     0.07960363011,      0.6174651147,       7.756745689
     0.07960346694,      0.6174650977,       7.756761375
     0.07960330819,       0.617465115,       7.756777062
     0.07960315471,      0.6174651622,        7.75679261
      0.0796030072,      0.6174652356,       7.756807906
     0.07960286625,      0.6174653324,       7.756822857
     0.07960273231,      0.6174654502,       7.756837388
     0.07960260572,      0.6174655871,       7.756851444
      0.0796024867,      0.6174657417,       7.756864983
     0.07960237533,      0.6174659121,       7.756877977
     0.07960227153,      0.6174660966,        7.75689041
     0.07960217513,      0.6174662933,       7.756902274
     0.07960208585,         0.6174665,       7.756913571
     0.07960200334,      0.6174667146,       7.756924307
      0.0796019272,      0.6174669349,       7.756934494
     0.07960185703,      0.6174671589,       7.756944146
     0.07960179241,      0.6174673847,       7.756953281
     0.07960173295,      0.6174676108,       7.756961915
     0.07960167828,      0.6174678357,       7.756970067
     0.07960162805,      0.6174680581,       7.756977756
     0.07960158196,      0.6174682772,          7.756985
     0.07960153969,       0.617468492,       7.756991817
     0.07960150098,      0.6174687017,       7.756998224
     0.07960146557,      0.6174689058,       7.757004238
     0.07960143322,      0.6174691036,       7.757009875
     0.07960140373,      0.6174692948,       7.757015151
     0.07960137688,      0.6174694789,       7.757020081
      0.0796013525,      0.6174696558,       7.757024678
     0.07960133042,      0.6174698252,       7.757028959
     0.07960131048,      0.6174699871,       7.757032936
     0.07960129255,      0.6174701416,       7.757036624
     0.07960127651,      0.6174702887,       7.757040035
     0.07960126223,      0.6174704286,       7.757043184
      0.0796012496,      0.6174705615,       7.757046084
     0.07960123853,      0.6174706877,       7.757048749
      0.0796012289,      0.6174708075,       7.757051191
     0.07960122063,       0.617470921,       7.757053424
     0.07960121361,      0.6174710287,       7.757055461
     0.07960120775,      0.6174711308,       7.757057314
     0.07960120296,      0.6174712276,       7.757058998
     0.07960119914,      0.6174713194,       7.757060523
      0.0796011962,      0.6174714064,       7.757061902
     0.07960119405,      0.6174714888,       7.757063147
     0.07960119262,       0.617471567,       7.757064268
     0.07960119181,       0.617471641,       7.757065277
     0.07960119156,      0.6174717112,       7.757066183
     0.07960119178,      0.6174717776,       7.757066996
     0.07960119242,      0.6174718406,       7.757067725
     0.07960119341,      0.6174719002,       7.757068377
     0.07960119468,      0.6174719565,       7.757068961
      0.0796011962,      0.6174720098,       7.757069482
      0.0796011979,      0.6174720601,       7.757069948
     0.07960119976,      0.6174721076,       7.757070364
     0.07960120173,      0.6174721523,       7.757070734
     0.07960120377,      0.6174721945,       7.757071064
     0.07960120588,      0.6174722341,       7.757071357
     0.07960120801,      0.6174722714,       7.757071617
     0.07960121016,      0.6174723064,       7.757071848
      0.0796012123,      0.6174723392,       7.757072051
     0.07960121443,      0.6174723699,       7.757072229
     0.07960121654,      0.6174723986,       7.757072385
     0.07960121861,      0.6174724255,       7.757072521
     0.07960122065,      0.6174724507,       7.757072638
     0.07960122265,      0.6174724741,       7.757072738
     0.07960122461,       0.617472496,       7.757072822
     0.07960122652,      0.6174725164,       7.757072893
     0.07960122838,      0.6174725355,        7.75707295
      0.0796012302,      0.6174725532,       7.757072996
     0.07960123197,      0.6174725698,       7.757073032
     0.07960123369,      0.6174725852,       7.757073058
     0.07960123536,      0.6174725996,       7.757073076
     0.07960123698,      0.6174726131,       7.757073087
     0.07960123855,      0.6174726256,       7.757073091
     0.07960124007,      0.6174726373,        7.75707309
     0.07960124154,      0.6174726482,       7.757073083
     0.07960124296,      0.6174726583,       7.757073073
     0.07960124432,      0.6174726678,        7.75707306
     0.07960124563,      0.6174726767,       7.757073044
     0.07960124688,       0.617472685,       7.757073025
     0.07960124808,      0.6174726927,       7.757073006
     0.07960124923,      0.6174726999,       7.757072985
     0.07960125032,      0.6174727067,       7.757072963
     0.07960125135,      0.6174727129,       7.757072941
     0.07960125234,      0.6174727188,       7.757072919
     0.07960125327,      0.6174727242,       7.757072897
     0.07960125414,      0.6174727293,       7.757072875
     0.07960125497,       0.617472734,       7.757072854
     0.07960125574,      0.6174727384,       7.757072833
     0.07960125647,      0.6174727425,       7.757072813
