VARIABLES = \
       "CD"       ,       "CL"       ,      "CEff"      
     0.08768846283,      0.2397283819,       2.733864572
     0.04014681884,      0.2500885924,        6.22935016
     0.03690821449,      0.2452855392,       6.645825126
     0.03357644717,      0.2439175567,        7.26454337
     0.03243845024,      0.2434359078,       7.504548029
     0.03184165781,      0.2436567435,       7.652137491
     0.03162960786,      0.2445493453,       7.731659094
     0.03160428854,      0.2456898382,       7.773939852
     0.03165921767,      0.2468676435,       7.797654575
      0.0317592479,      0.2481345694,       7.812986319
     0.03190214977,      0.2495450957,       7.822203128
     0.03207342045,      0.2510267201,       7.826627676
     0.03225394129,      0.2524784724,       7.827833199
     0.03242868963,      0.2538170871,       7.826930104
     0.03259021652,       0.254997268,       7.824350228
     0.03273726968,      0.2560236036,       7.820554556
     0.03287278058,      0.2569334269,       7.815993122
     0.03300136767,      0.2577650053,       7.810737053
     0.03312268047,      0.2585148839,       7.804769428
      0.0332389524,      0.2592021153,       7.798143342
     0.03334783064,       0.259812476,        7.79098583
     0.03345001785,      0.2603542108,       7.783380326
     0.03354643354,      0.2608497502,       7.775781885
     0.03363688953,      0.2613049636,        7.76840449
     0.03372393066,      0.2617411126,       7.761287237
      0.0338031953,      0.2621200771,        7.75429881
     0.03387448293,      0.2624395834,       7.747412231
     0.03394208949,      0.2627394556,       7.740815593
     0.03400597801,      0.2630234991,       7.734625336
     0.03406573044,       0.263283881,       7.728702062
     0.03412028418,      0.2635154424,       7.723131527
     0.03417043881,      0.2637245337,       7.717914748
     0.03421721127,      0.2639166958,       7.712980864
      0.0342613635,      0.2640980235,       7.708333718
     0.03430324478,      0.2642707114,       7.703956669
     0.03434330992,      0.2644378028,       7.699834507
     0.03438158767,      0.2646001614,       7.695984372
     0.03441686266,       0.264747868,       7.692388193
     0.03444934376,      0.2648829387,       7.689056157
     0.03447930419,      0.2650078334,       7.685997142
     0.03450619449,      0.2651188588,       7.683225078
     0.03453025584,      0.2652172247,       7.680719944
     0.03455195472,      0.2653060454,       7.678467039
     0.03457170265,      0.2653878401,       7.676446912
     0.03458971844,      0.2654631505,       7.674625942
     0.03460619671,      0.2655321587,       7.672965651
     0.03462121759,      0.2655944982,       7.671437246
     0.03463492256,      0.2656504327,       7.670016651
     0.03464744802,      0.2657001369,        7.66867842
       0.034658868,      0.2657439069,       7.667414497
      0.0346692818,      0.2657824862,       7.666224173
     0.03467876764,       0.265816343,       7.665103495
     0.03468737301,      0.2658454277,       7.664040387
     0.03469518591,      0.2658707746,       7.663045108
     0.03470233223,      0.2658934651,       7.662120902
     0.03470885407,      0.2659138628,       7.661268861
     0.03471476162,       0.265931787,       7.660481438
     0.03472007606,      0.2659468923,       7.659743942
     0.03472480675,      0.2659587484,       7.659041859
     0.03472897948,      0.2659672393,       7.658366103
     0.03473263393,       0.265972581,       7.657714111
     0.03473581495,      0.2659751743,       7.657087495
     0.03473856803,      0.2659754554,       7.656488751
     0.03474093805,      0.2659738377,       7.655919864
     0.03474296719,      0.2659706587,       7.655381225
     0.03474469299,      0.2659662047,       7.654872781
     0.03474615112,      0.2659607186,       7.654393654
     0.03474737246,      0.2659544231,       7.653943431
     0.03474838794,      0.2659475097,       7.653520796
     0.03474922795,      0.2659401729,       7.653124645
      0.0347499174,      0.2659325659,       7.652753901
     0.03475047925,      0.2659248575,       7.652408347
     0.03475093403,      0.2659171655,       7.652086856
     0.03475129924,      0.2659095812,       7.651788194
     0.03475158989,      0.2659021729,       7.651511017
       0.034751818,       0.265894996,       7.651254273
     0.03475199359,      0.2658880884,       7.651016846
     0.03475212394,      0.2658814786,        7.65079795
     0.03475221461,      0.2658751838,       7.650596855
     0.03475227022,      0.2658692126,       7.650412792
     0.03475229458,      0.2658635585,       7.650244731
     0.03475229092,      0.2658582083,       7.650091583
     0.03475226204,      0.2658531455,        7.64995226
     0.03475221061,      0.2658483527,       7.649825666
     0.03475213945,      0.2658438082,        7.64971056
     0.03475205123,      0.2658394921,       7.649605784
     0.03475194821,      0.2658353872,       7.649510342
     0.03475183285,      0.2658314756,       7.649423176
      0.0347517075,      0.2658277411,       7.649343306
      0.0347515744,      0.2658241693,       7.649269823
     0.03475143553,      0.2658207478,       7.649201934
     0.03475129267,      0.2658174672,       7.649138973
      0.0347511475,      0.2658143201,       7.649080367
     0.03475100147,       0.265811302,       7.649025663
      0.0347508559,      0.2658084103,       7.648974491
     0.03475071178,      0.2658056444,       7.648926619
     0.03475057007,      0.2658030033,       7.648881811
     0.03475043154,      0.2658004862,       7.648839868
     0.03475029688,      0.2657980926,       7.648800628
      0.0347501666,      0.2657958218,       7.648763956
     0.03475004109,      0.2657936721,        7.64872972
     0.03474992063,      0.2657916412,       7.648697791
     0.03474980542,      0.2657897259,       7.648668033
     0.03474969555,      0.2657879224,       7.648640316
     0.03474959103,      0.2657862261,       7.648614508
     0.03474949179,      0.2657846323,       7.648590486
     0.03474939769,      0.2657831359,       7.648568135
     0.03474930855,      0.2657817317,       7.648547345
     0.03474922419,      0.2657804147,       7.648528016
     0.03474914435,      0.2657791801,       7.648510059
     0.03474906882,      0.2657780234,       7.648493396
     0.03474899733,      0.2657769402,       7.648477959
     0.03474892967,      0.2657759267,       7.648463687
     0.03474886562,      0.2657749794,       7.648450522
     0.03474880502,      0.2657740947,       7.648438402
     0.03474874769,      0.2657732694,       7.648427269
     0.03474869353,      0.2657725004,        7.64841706
     0.03474864243,      0.2657717848,       7.648407714
     0.03474859431,      0.2657711196,       7.648399163
     0.03474854908,      0.2657705018,       7.648391339
     0.03474850669,      0.2657699286,       7.648384172
     0.03474846706,      0.2657693969,       7.648377595
      0.0347484301,       0.265768904,       7.648371544
     0.03474839571,       0.265768447,       7.648365961
      0.0347483638,      0.2657680232,       7.648360791
     0.03474833422,      0.2657676302,        7.64835599
     0.03474830684,      0.2657672654,       7.648351519
     0.03474828153,      0.2657669268,       7.648347347
     0.03474825811,      0.2657666124,        7.64834345
     0.03474823645,      0.2657663202,       7.648339811
     0.03474821638,      0.2657660486,       7.648336413
     0.03474819776,      0.2657657962,       7.648333246
     0.03474818045,      0.2657655615,       7.648330301
     0.03474816433,      0.2657653433,       7.648327569
     0.03474814929,      0.2657651404,       7.648325042
     0.03474813523,      0.2657649518,        7.64832271
     0.03474812208,      0.2657647766,       7.648320562
     0.03474810976,      0.2657646138,       7.648318588
     0.03474809823,      0.2657644625,       7.648316774
     0.03474808744,      0.2657643221,       7.648315106
     0.03474807736,      0.2657641916,       7.648313571
     0.03474806796,      0.2657640704,       7.648312152
     0.03474805921,      0.2657639578,       7.648310836
      0.0347480511,      0.2657638532,        7.64830961
     0.03474804359,      0.2657637559,       7.648308462
     0.03474803667,      0.2657636654,       7.648307382
     0.03474803029,      0.2657635811,       7.648306362
     0.03474802444,      0.2657635027,       7.648305393
     0.03474801906,      0.2657634296,       7.648304473
     0.03474801414,      0.2657633615,       7.648303597
     0.03474800963,      0.2657632981,       7.648302763
      0.0347480055,      0.2657632389,        7.64830197
     0.03474800171,      0.2657631838,       7.648301219
     0.03474799823,      0.2657631325,       7.648300509
     0.03474799502,      0.2657630848,       7.648299841
     0.03474799206,      0.2657630404,       7.648299215
     0.03474798933,      0.2657629991,       7.648298629
     0.03474798678,      0.2657629608,       7.648298085
     0.03474798442,      0.2657629252,       7.648297581
     0.03474798221,      0.2657628921,       7.648297116
     0.03474798015,      0.2657628615,       7.648296687
     0.03474797822,      0.2657628331,       7.648296294
     0.03474797642,      0.2657628068,       7.648295935
     0.03474797472,      0.2657627824,       7.648295606
     0.03474797314,      0.2657627599,       7.648295305
     0.03474797167,       0.265762739,       7.648295031
     0.03474797029,      0.2657627198,        7.64829478
     0.03474796901,       0.265762702,       7.648294551
     0.03474796782,      0.2657626856,       7.648294341
     0.03474796672,      0.2657626705,       7.648294147
     0.03474796571,      0.2657626566,       7.648293969
     0.03474796478,      0.2657626437,       7.648293804
     0.03474796392,      0.2657626318,        7.64829365
     0.03474796314,      0.2657626208,       7.648293506
     0.03474796243,      0.2657626107,        7.64829337
     0.03474796178,      0.2657626012,       7.648293242
     0.03474796118,      0.2657625925,       7.648293121
     0.03474796065,      0.2657625844,       7.648293006
     0.03474796015,      0.2657625768,       7.648292896
     0.03474795971,      0.2657625698,       7.648292792
      0.0347479593,      0.2657625632,       7.648292693
     0.03474795892,       0.265762557,       7.648292599
