VARIABLES = \
       "CD"       ,       "CL"       ,      "CEff"      
     0.06555861253,      0.3087056137,       4.708849101
     0.03209229275,      0.3209493597,       10.00082363
     0.02924228741,      0.3140912639,       10.74099503
     0.02663709218,      0.3126920273,       11.73897005
     0.02577070339,      0.3127928137,       12.13753498
     0.02532367196,      0.3131153495,       12.36453189
     0.02511294922,      0.3134780784,       12.48272657
     0.02499742392,      0.3141448571,       12.56708924
     0.02499628743,      0.3151105036,       12.60629221
     0.02508282222,      0.3162728569,       12.60914159
      0.0252242187,      0.3175481243,       12.58901725
     0.02539492666,      0.3188200647,       12.55447866
     0.02557573074,      0.3199818331,       12.51115115
     0.02575787713,      0.3210076066,       12.46250244
      0.0259312471,      0.3218801846,       12.41283087
     0.02608996526,      0.3226125447,       12.36538805
     0.02623268007,      0.3232393994,       12.32201203
     0.02636095529,      0.3237981585,       12.28324827
     0.02647793933,      0.3243045217,       12.24810276
     0.02658163537,       0.324739767,       12.21669632
     0.02667523079,      0.3251149416,       12.18789611
     0.02676102591,      0.3254542119,       12.16149982
     0.02684097951,      0.3257773086,       12.13731073
     0.02691422387,      0.3260780747,       12.11545524
     0.02698143741,      0.3263542013,       12.09550835
     0.02704461365,      0.3266100386,       12.07671305
     0.02710150336,      0.3268267105,       12.05935723
     0.02715348406,      0.3270087988,       12.04297754
     0.02720191373,      0.3271628674,       12.02720039
     0.02724660926,      0.3272915455,        12.0121936
     0.02728790447,      0.3273992569,       11.99796259
     0.02732555171,      0.3274891192,       11.98472121
     0.02736009776,      0.3275685869,       11.97249329
     0.02739191711,      0.3276412536,        11.9612385
     0.02742076183,      0.3277062877,       11.95102783
     0.02744706922,      0.3277662858,         11.941759
     0.02747104996,      0.3278223627,        11.9333758
     0.02749284385,      0.3278748602,       11.92582557
     0.02751275169,      0.3279249257,       11.91901593
     0.02753085456,      0.3279723261,       11.91290032
     0.02754731734,      0.3280173084,       11.90741386
     0.02756232878,      0.3280600551,       11.90247957
     0.02757609341,      0.3281006249,       11.89800963
     0.02758875797,      0.3281388812,       11.89393453
     0.02760031775,      0.3281742443,       11.89023428
     0.02761090493,      0.3282065176,       11.88684393
     0.02762055334,      0.3282351329,       11.88372763
     0.02762935119,      0.3282602837,       11.88085386
      0.0276373745,      0.3282823551,       11.87820338
     0.02764464156,      0.3283015306,       11.87577455
     0.02765118735,      0.3283181476,       11.87356418
     0.02765704291,      0.3283324803,       11.87156853
     0.02766224593,      0.3283447621,       11.86977959
     0.02766685636,      0.3283553597,       11.86818464
     0.02767093305,      0.3283645749,       11.86676916
     0.02767453128,      0.3283725667,       11.86551503
     0.02767766593,      0.3283793673,        11.8644169
     0.02768039244,      0.3283851154,       11.86345591
      0.0276827656,      0.3283899845,       11.86261478
     0.02768485167,      0.3283942008,       11.86187323
     0.02768670729,      0.3283979153,       11.86121238
     0.02768834137,      0.3284010024,       11.86062387
     0.02768976574,      0.3284034004,       11.86010035
       0.027690998,      0.3284051108,       11.85963434
     0.02769205835,      0.3284061752,       11.85921866
     0.02769297333,      0.3284066645,        11.8588445
     0.02769374523,      0.3284065943,       11.85851143
     0.02769439605,      0.3284060812,       11.85821422
     0.02769494537,      0.3284052545,       11.85794917
     0.02769540483,      0.3284041843,       11.85771381
      0.0276957817,      0.3284029016,       11.85750614
     0.02769608341,      0.3284014358,       11.85732405
     0.02769631797,      0.3283998222,       11.85716537
     0.02769649325,      0.3283980969,       11.85702804
     0.02769661668,      0.3283962899,       11.85690995
     0.02769669503,      0.3283944227,       11.85680899
     0.02769673446,      0.3283925107,       11.85672308
     0.02769674078,      0.3283905676,       11.85665022
      0.0276967194,      0.3283886063,       11.85658856
      0.0276966753,      0.3283866407,       11.85653647
     0.02769661293,       0.328384685,       11.85649255
     0.02769653622,      0.3283827532,       11.85645565
     0.02769644853,      0.3283808579,       11.85642475
     0.02769635265,        0.32837901,       11.85639908
     0.02769625083,      0.3283772183,       11.85637797
     0.02769614487,      0.3283754898,       11.85636092
     0.02769603627,      0.3283738303,       11.85634749
     0.02769592623,      0.3283722442,       11.85633733
     0.02769581578,      0.3283707347,       11.85633012
      0.0276957058,      0.3283693036,       11.85632552
     0.02769559706,      0.3283679515,       11.85632326
     0.02769549021,       0.328366678,       11.85632301
     0.02769538582,      0.3283654816,       11.85632451
     0.02769528435,      0.3283643601,       11.85632745
      0.0276951862,      0.3283633104,       11.85633157
     0.02769509167,       0.328362329,        11.8563366
       0.027695001,      0.3283614122,       11.85634231
     0.02769491441,      0.3283605563,       11.85634848
       0.027694832,      0.3283597575,       11.85635492
     0.02769475385,      0.3283590126,       11.85636147
     0.02769467998,      0.3283583185,       11.85636804
     0.02769461033,      0.3283576724,       11.85637453
     0.02769454482,      0.3283570718,       11.85638089
     0.02769448333,      0.3283565145,       11.85638709
     0.02769442572,      0.3283559985,       11.85639312
     0.02769437184,      0.3283555219,       11.85639897
     0.02769432152,      0.3283550827,       11.85640466
      0.0276942746,      0.3283546789,       11.85641017
     0.02769423091,      0.3283543087,        11.8564155
     0.02769419029,        0.32835397,       11.85642066
     0.02769415258,      0.3283536606,       11.85642564
     0.02769411762,      0.3283533785,       11.85643042
     0.02769408526,      0.3283531215,       11.85643499
     0.02769405535,      0.3283528877,       11.85643935
     0.02769402776,      0.3283526751,       11.85644349
     0.02769400236,       0.328352482,       11.85644739
       0.027693979,      0.3283523067,       11.85645106
     0.02769395757,      0.3283521477,       11.85645449
     0.02769393794,      0.3283520035,       11.85645769
     0.02769391999,      0.3283518728,       11.85646066
      0.0276939036,      0.3283517547,       11.85646341
     0.02769388866,      0.3283516478,       11.85646595
     0.02769387504,      0.3283515515,        11.8564683
     0.02769386266,      0.3283514646,       11.85647046
      0.0276938514,      0.3283513865,       11.85647246
     0.02769384118,      0.3283513163,        11.8564743
     0.02769383191,      0.3283512534,         11.856476
     0.02769382351,      0.3283511971,       11.85647757
      0.0276938159,      0.3283511468,         11.856479
     0.02769380902,      0.3283511018,       11.85648033
      0.0276938028,      0.3283510617,       11.85648154
      0.0276937972,       0.328351026,       11.85648265
     0.02769379214,      0.3283509941,       11.85648366
      0.0276937876,      0.3283509657,       11.85648458
     0.02769378351,      0.3283509404,       11.85648542
     0.02769377984,      0.3283509178,       11.85648617
     0.02769377654,      0.3283508976,       11.85648686
     0.02769377359,      0.3283508796,       11.85648747
     0.02769377095,      0.3283508636,       11.85648802
     0.02769376858,      0.3283508492,       11.85648852
     0.02769376646,      0.3283508365,       11.85648896
     0.02769376457,      0.3283508251,       11.85648936
     0.02769376288,      0.3283508149,       11.85648972
     0.02769376137,      0.3283508058,       11.85649004
     0.02769376002,      0.3283507978,       11.85649033
     0.02769375882,      0.3283507906,       11.85649058
     0.02769375775,      0.3283507841,       11.85649081
      0.0276937568,      0.3283507784,       11.85649101
     0.02769375595,      0.3283507733,       11.85649118
      0.0276937552,      0.3283507688,       11.85649134
     0.02769375454,      0.3283507647,       11.85649148
     0.02769375396,       0.328350761,       11.85649159
     0.02769375345,      0.3283507577,       11.85649169
       0.027693753,      0.3283507548,       11.85649178
      0.0276937526,      0.3283507521,       11.85649185
     0.02769375226,      0.3283507498,       11.85649192
     0.02769375196,      0.3283507476,       11.85649197
      0.0276937517,      0.3283507457,       11.85649201
