VARIABLES = \
       "CD"       ,       "CL"       ,      "CEff"      
     0.06997097256,      0.3519317905,       5.029682704
     0.03306574522,       0.387570255,       11.72120127
     0.02945995225,      0.3863525345,       13.11449968
     0.02668620523,      0.3902352778,       14.62310862
      0.0260107139,      0.3950050324,        15.1862434
     0.02571702111,      0.3992895101,       15.52627376
     0.02564564012,      0.4028506666,       15.70834905
     0.02564240928,      0.4054449049,       15.81149807
     0.02573967347,      0.4074961152,       15.83144074
     0.02590412016,      0.4092265581,       15.79774012
     0.02608455728,      0.4106510019,       15.74306965
      0.0262586623,      0.4119170318,       15.68690084
     0.02642862149,      0.4132227106,        15.6354243
     0.02659749293,      0.4146045743,       15.58810732
     0.02675832146,      0.4159184496,       15.54351794
     0.02690101589,      0.4169973095,       15.50117331
     0.02702655256,      0.4178222321,       15.45969399
     0.02714269878,      0.4184904201,       15.41815807
     0.02725788376,      0.4191168391,         15.375986
     0.02736613987,      0.4196860504,       15.33596088
      0.0274782597,      0.4203214712,       15.29650989
     0.02759993063,      0.4210697121,       15.25618733
     0.02771960559,      0.4218253149,       15.21757997
     0.02782626266,      0.4224818431,       15.18284537
     0.02792369137,      0.4230822931,       15.15137406
     0.02801091516,      0.4236136606,       15.12316389
     0.02809088512,       0.424090809,        15.0970967
     0.02816455372,      0.4245175124,       15.07275836
     0.02822683084,       0.424848153,       15.05121689
     0.02828514563,      0.4251420643,       15.03057718
     0.02834065012,      0.4254050709,       15.01042034
     0.02839234277,      0.4256268487,       14.99090273
     0.02844558247,      0.4258507553,       14.97071666
     0.02849874501,       0.426077335,       14.95074028
     0.02855030084,      0.4262962845,       14.93141129
     0.02859644796,      0.4264797181,        14.9137305
     0.02863755329,       0.426629408,       14.89755091
      0.0286757931,      0.4267657499,       14.88243929
     0.02871085738,      0.4268867342,        14.8684774
     0.02874361901,      0.4269973653,       14.85537939
     0.02877399472,      0.4271020871,       14.84333654
     0.02880164895,      0.4271995791,       14.83246948
     0.02882720931,      0.4272949172,       14.82262513
     0.02885117167,      0.4273930915,       14.81371697
     0.02887449446,      0.4275005984,       14.80547474
     0.02889703793,      0.4276122632,       14.79778876
     0.02891818768,      0.4277205137,       14.79070952
     0.02893722501,      0.4278195739,       14.78440223
     0.02895433514,      0.4279087063,       14.77874399
     0.02896989038,      0.4279886261,       14.77356733
     0.02898391722,      0.4280580401,       14.76881254
      0.0289966024,      0.4281179145,       14.76441649
     0.02900806712,      0.4281693672,       14.76035495
     0.02901834225,      0.4282133287,        14.7566434
     0.02902760481,      0.4282513477,       14.75324439
     0.02903598344,       0.428284485,       14.75012843
      0.0290435278,      0.4283128947,       14.74727511
     0.02905021809,      0.4283369912,       14.74470828
     0.02905621993,      0.4283582579,       14.74239453
     0.02906168001,       0.428377463,       14.74028559
     0.02906658658,      0.4283946283,       14.73838791
     0.02907093523,      0.4284099904,       14.73671167
     0.02907478616,      0.4284235403,       14.73522584
     0.02907820731,      0.4284351367,       14.73389099
      0.0290812302,      0.4284445863,       14.73268439
     0.02908387179,      0.4284518929,        14.7315975
     0.02908617502,      0.4284573011,       14.73061689
     0.02908817846,      0.4284610672,        14.7297318
     0.02908991241,      0.4284633716,       14.72893303
     0.02909140747,        0.42846432,       14.72820868
     0.02909268341,      0.4284640594,       14.72755377
     0.02909375886,      0.4284628186,       14.72696672
     0.02909466428,      0.4284608206,       14.72643975
     0.02909542218,      0.4284582174,       14.72596668
      0.0290960505,      0.4284551324,       14.72554264
       0.029096561,      0.4284516812,       14.72516567
     0.02909696748,      0.4284479715,       14.72483247
     0.02909728295,       0.428444097,       14.72453967
     0.02909752022,       0.428440145,       14.72428378
     0.02909769154,      0.4284361895,       14.72406115
     0.02909780774,      0.4284322877,       14.72386826
     0.02909787808,      0.4284284808,       14.72370183
     0.02909791037,      0.4284247957,       14.72355885
     0.02909791117,      0.4284212467,       14.72343648
     0.02909788582,      0.4284178374,       14.72333214
     0.02909783876,      0.4284145643,       14.72324346
     0.02909777354,      0.4284114193,       14.72316838
     0.02909769304,      0.4284083916,       14.72310506
     0.02909759968,      0.4284054723,       14.72305197
     0.02909749548,      0.4284026536,       14.72300782
     0.02909738237,      0.4283999315,        14.7229715
     0.02909726223,      0.4283973062,       14.72294207
      0.0290971369,      0.4283947813,       14.72291871
     0.02909700822,      0.4283923629,       14.72290071
     0.02909687798,      0.4283900587,       14.72288742
     0.02909674785,      0.4283878769,       14.72287828
     0.02909661939,       0.428385825,       14.72287276
     0.02909649394,      0.4283839091,       14.72287039
     0.02909637265,      0.4283821334,       14.72287074
     0.02909625634,      0.4283804988,       14.72287341
     0.02909614562,      0.4283790034,       14.72287804
     0.02909604077,      0.4283776423,       14.72288431
     0.02909594189,      0.4283764077,       14.72289192
     0.02909584886,      0.4283752903,       14.72290059
     0.02909576144,      0.4283742791,       14.72291007
      0.0290956793,      0.4283733627,       14.72292014
     0.02909560208,      0.4283725299,       14.72293059
     0.02909552941,        0.42837177,       14.72294124
     0.02909546096,      0.4283710735,       14.72295194
     0.02909539642,      0.4283704323,       14.72296256
     0.02909533558,      0.4283698399,       14.72297299
     0.02909527823,      0.4283692912,       14.72298315
     0.02909522425,      0.4283687827,       14.72299299
     0.02909517354,      0.4283683117,       14.72300246
     0.02909512603,      0.4283678765,       14.72301155
     0.02909508164,       0.428367476,       14.72302024
     0.02909504032,      0.4283671091,       14.72302855
     0.02909500197,      0.4283667749,       14.72303646
     0.02909496649,      0.4283664721,       14.72304401
     0.02909493376,      0.4283661992,       14.72305119
     0.02909490365,      0.4283659546,       14.72305803
     0.02909487599,      0.4283657362,       14.72306452
     0.02909485061,      0.4283655417,       14.72307067
     0.02909482736,      0.4283653689,        14.7230765
     0.02909480605,      0.4283652153,         14.723082
     0.02909478652,      0.4283650787,       14.72308719
     0.02909476862,      0.4283649568,       14.72309206
      0.0290947522,      0.4283648479,       14.72309662
     0.02909473713,        0.42836475,       14.72310089
     0.02909472329,      0.4283646618,       14.72310486
     0.02909471056,      0.4283645819,       14.72310855
     0.02909469885,      0.4283645093,       14.72311198
     0.02909468808,      0.4283644432,       14.72311516
     0.02909467816,      0.4283643828,       14.72311811
     0.02909466902,      0.4283643275,       14.72312083
      0.0290946606,       0.428364277,       14.72312336
     0.02909465286,      0.4283642309,       14.72312569
     0.02909464573,      0.4283641888,       14.72312785
     0.02909463917,      0.4283641504,       14.72312985
     0.02909463315,      0.4283641156,        14.7231317
     0.02909462763,      0.4283640841,       14.72313341
     0.02909462258,      0.4283640555,       14.72313498
     0.02909461797,      0.4283640299,       14.72313644
     0.02909461376,      0.4283640068,       14.72313777
     0.02909460993,      0.4283639862,         14.723139
     0.02909460645,      0.4283639677,       14.72314013
      0.0290946033,      0.4283639512,       14.72314115
     0.02909460045,      0.4283639365,       14.72314209
     0.02909459787,      0.4283639234,       14.72314295
     0.02909459554,      0.4283639118,       14.72314373
     0.02909459343,      0.4283639013,       14.72314443
     0.02909459153,      0.4283638919,       14.72314508
      0.0290945898,      0.4283638835,       14.72314566
     0.02909458824,      0.4283638759,       14.72314619
     0.02909458683,       0.428363869,       14.72314666
     0.02909458554,      0.4283638627,        14.7231471
     0.02909458437,      0.4283638569,       14.72314749
     0.02909458331,      0.4283638515,       14.72314785
     0.02909458233,      0.4283638466,       14.72314817
     0.02909458144,       0.428363842,       14.72314846
     0.02909458062,      0.4283638377,       14.72314873
     0.02909457988,      0.4283638337,       14.72314897
      0.0290945792,        0.42836383,       14.72314919
     0.02909457857,      0.4283638265,       14.72314938
       0.029094578,      0.4283638233,       14.72314956
     0.02909457748,      0.4283638202,       14.72314972
       0.029094577,      0.4283638174,       14.72314986
     0.02909457657,      0.4283638147,       14.72314999
     0.02909457617,      0.4283638122,        14.7231501
     0.02909457581,      0.4283638099,       14.72315021
     0.02909457548,      0.4283638077,        14.7231503
     0.02909457518,      0.4283638057,       14.72315038
     0.02909457491,      0.4283638038,       14.72315045
     0.02909457466,       0.428363802,       14.72315052
