VARIABLES = \
       "CD"       ,       "CL"       ,      "CEff"      
      0.0787512343,      0.2722516277,        3.45710934
     0.03603084629,      0.3265158968,       9.062121223
     0.03385886011,      0.3377662883,       9.975713513
     0.03080059047,      0.3450987558,       11.20429026
     0.02993174414,       0.349033346,       11.66097587
     0.02946327722,       0.352254689,       11.95571988
     0.02927833252,      0.3547648368,       12.11697547
     0.02925758115,      0.3563423549,       12.17948788
     0.02937427699,      0.3578243983,       12.18155594
     0.02956168534,      0.3594273471,       12.15855399
     0.02976000237,      0.3608477679,       12.12526005
     0.02996037674,      0.3621591069,       12.08793568
     0.03016476866,       0.363578471,       12.05308335
      0.0303817989,       0.365168776,       12.01932701
     0.03059708547,       0.366706915,       11.98502764
      0.0308017359,      0.3680373952,       11.94859265
     0.03099839257,      0.3691728243,       11.90941832
     0.03119018267,      0.3701654844,       11.86801271
     0.03137733495,       0.371093271,       11.82679382
     0.03154980309,       0.371917287,       11.78826017
     0.03170866323,      0.3726392618,       11.75197009
     0.03185761175,      0.3732568402,       11.71640998
     0.03199132312,      0.3737016884,       11.68134519
     0.03210672846,      0.3740209502,        11.6493012
      0.0322173922,      0.3743639208,       11.61993244
     0.03232721705,       0.374755463,       11.59256803
     0.03243690792,      0.3751659085,       11.56601947
     0.03253987582,      0.3755252394,        11.5404632
     0.03263187571,      0.3757830757,       11.51582824
     0.03271394342,      0.3759704626,       11.49266714
     0.03278600073,       0.376119468,       11.47195326
     0.03284950333,      0.3762461537,       11.45363295
     0.03290556876,      0.3763470029,       11.43718273
     0.03295437765,      0.3764098575,       11.42215039
     0.03299602804,      0.3764224506,       11.40811404
     0.03303038862,       0.376375862,       11.39483602
      0.0330573705,      0.3762678261,       11.38226727
     0.03307784986,      0.3761088397,       11.37041378
     0.03309377754,       0.375915206,       11.35909026
     0.03310574791,       0.375698057,       11.34842378
     0.03311488334,      0.3754723653,       11.33847767
     0.03312223747,      0.3752501586,        11.3292515
     0.03312859866,      0.3750375418,       11.32065819
      0.0331344188,      0.3748384037,       11.31265968
     0.03313977561,       0.374655091,       11.30529957
     0.03314475178,      0.3744892072,       11.29859743
     0.03314940154,      0.3743414035,        11.2925539
     0.03315369816,       0.374211522,       11.28717286
     0.03315766774,      0.3740988534,       11.28242361
     0.03316134921,      0.3740023508,       11.27826098
     0.03316477371,      0.3739207154,       11.27463491
     0.03316796018,      0.3738525851,       11.27149765
     0.03317091141,      0.3737966264,       11.26880784
     0.03317362215,      0.3737514977,       11.26652664
     0.03317610185,      0.3737159361,       11.26461264
      0.0331783648,      0.3736885253,       11.26301816
     0.03318041588,      0.3736677489,       11.26169576
      0.0331822582,      0.3736521791,       11.26060128
     0.03318389504,      0.3736404976,       11.25969381
     0.03318532895,      0.3736315824,       11.25893864
     0.03318656791,      0.3736245109,       11.25830522
     0.03318762319,       0.373618576,       11.25776841
     0.03318850843,       0.373613251,       11.25730768
      0.0331892365,      0.3736081718,       11.25690769
     0.03318982206,      0.3736030996,       11.25655627
     0.03319027922,      0.3735978928,       11.25624434
     0.03319061961,      0.3735924904,       11.25596614
     0.03319084872,      0.3735868573,       11.25571872
     0.03319097584,      0.3735809627,       11.25549802
     0.03319101234,      0.3735748637,       11.25530189
     0.03319096568,      0.3735685212,       11.25512661
     0.03319084278,      0.3735619857,       11.25497139
     0.03319065139,      0.3735553185,       11.25483541
     0.03319039982,      0.3735485564,       11.25471698
     0.03319009873,      0.3735417176,       11.25461303
     0.03318975803,      0.3735348224,       11.25452081
     0.03318938671,      0.3735278992,       11.25443813
     0.03318899288,      0.3735209912,       11.25436353
     0.03318858494,      0.3735141494,       11.25429572
     0.03318817089,      0.3735074299,       11.25423366
     0.03318775772,      0.3735008909,       11.25417674
     0.03318735158,      0.3734945894,       11.25412459
     0.03318695749,      0.3734885732,       11.25407695
     0.03318657901,      0.3734828837,       11.25403386
     0.03318621832,      0.3734775542,       11.25399558
     0.03318587639,      0.3734726092,       11.25396252
     0.03318555313,       0.373468064,       11.25393518
     0.03318524772,      0.3734639262,       11.25391407
     0.03318495895,      0.3734601954,       11.25389957
     0.03318468539,      0.3734568643,       11.25389197
     0.03318442568,      0.3734539194,        11.2538913
     0.03318417864,      0.3734513421,       11.25389741
     0.03318394335,       0.373449109,       11.25390991
     0.03318371924,      0.3734471928,       11.25392817
     0.03318350603,      0.3734455638,       11.25395139
     0.03318330372,      0.3734441904,       11.25397861
      0.0331831125,      0.3734430406,       11.25400882
     0.03318293267,      0.3734420828,       11.25404094
      0.0331827646,      0.3734412867,       11.25407395
     0.03318260868,      0.3734406242,       11.25410687
     0.03318246522,      0.3734400699,       11.25413882
     0.03318233448,      0.3734396015,       11.25416904
     0.03318221656,      0.3734392001,       11.25419694
     0.03318211144,        0.37343885,       11.25422204
     0.03318201895,      0.3734385384,       11.25424402
     0.03318193874,      0.3734382551,       11.25426269
     0.03318187031,      0.3734379924,       11.25427798
       0.033181813,      0.3734377445,       11.25428995
     0.03318176605,      0.3734375077,       11.25429873
     0.03318172856,      0.3734372795,       11.25430457
     0.03318169957,      0.3734370586,       11.25430775
     0.03318167806,      0.3734368447,        11.2543086
     0.03318166311,      0.3734366382,       11.25430745
     0.03318165358,      0.3734364406,       11.25430472
     0.03318164835,      0.3734362513,       11.25430079
     0.03318164646,      0.3734360698,       11.25429596
       0.033181647,      0.3734358965,       11.25429056
     0.03318164914,      0.3734357318,       11.25428487
     0.03318165219,      0.3734355761,       11.25427914
      0.0331816556,        0.37343543,       11.25427358
     0.03318165893,       0.373435294,       11.25426835
     0.03318166188,      0.3734351687,       11.25426358
     0.03318166425,      0.3734350546,       11.25425934
     0.03318166591,      0.3734349521,       11.25425568
     0.03318166682,      0.3734348612,       11.25425263
       0.033181667,      0.3734347818,       11.25425018
      0.0331816665,      0.3734347139,        11.2542483
     0.03318166543,      0.3734346571,       11.25424695
     0.03318166391,      0.3734346108,       11.25424608
     0.03318166208,      0.3734345745,        11.2542456
     0.03318166009,      0.3734345475,       11.25424546
     0.03318165806,      0.3734345289,       11.25424559
     0.03318165611,      0.3734345178,       11.25424592
     0.03318165432,      0.3734345132,       11.25424638
     0.03318165276,       0.373434514,       11.25424694
     0.03318165148,      0.3734345193,       11.25424753
     0.03318165051,       0.373434528,       11.25424813
     0.03318164985,      0.3734345392,       11.25424868
     0.03318164954,       0.373434552,       11.25424918
     0.03318164958,      0.3734345657,       11.25424958
     0.03318164996,      0.3734345795,       11.25424986
      0.0331816507,      0.3734345931,       11.25425002
     0.03318165179,      0.3734346058,       11.25425003
     0.03318165322,      0.3734346175,        11.2542499
     0.03318165499,      0.3734346279,       11.25424962
     0.03318165706,       0.373434637,       11.25424919
     0.03318165942,      0.3734346447,       11.25424862
     0.03318166205,      0.3734346511,       11.25424792
     0.03318166491,      0.3734346563,       11.25424711
     0.03318166796,      0.3734346605,        11.2542462
     0.03318167116,      0.3734346641,       11.25424522
     0.03318167447,      0.3734346671,       11.25424419
     0.03318167783,      0.3734346698,       11.25424313
     0.03318168122,      0.3734346726,       11.25424207
     0.03318168456,      0.3734346755,       11.25424102
     0.03318168782,      0.3734346788,       11.25424001
     0.03318169096,      0.3734346826,       11.25423906
     0.03318169394,       0.373434687,       11.25423819
     0.03318169671,      0.3734346921,        11.2542374
     0.03318169926,      0.3734346979,       11.25423671
     0.03318170157,      0.3734347044,       11.25423612
     0.03318170362,      0.3734347115,       11.25423564
     0.03318170542,      0.3734347191,       11.25423526
     0.03318170697,      0.3734347271,       11.25423498
     0.03318170827,      0.3734347354,       11.25423478
     0.03318170933,      0.3734347439,       11.25423468
     0.03318171018,      0.3734347524,       11.25423465
     0.03318171082,      0.3734347607,       11.25423468
     0.03318171129,      0.3734347689,       11.25423477
     0.03318171159,      0.3734347767,        11.2542349
     0.03318171177,      0.3734347841,       11.25423506
     0.03318171185,      0.3734347911,       11.25423525
     0.03318171185,      0.3734347975,       11.25423544
      0.0331817118,      0.3734348035,       11.25423564
     0.03318171172,      0.3734348089,       11.25423583
     0.03318171163,      0.3734348138,       11.25423601
     0.03318171155,      0.3734348182,       11.25423617
     0.03318171149,      0.3734348222,       11.25423631
     0.03318171146,      0.3734348257,       11.25423642
     0.03318171147,      0.3734348289,       11.25423652
