VARIABLES = \
       "CD"       ,       "CL"       ,      "CEff"      
       0.080112388,      0.3767540373,       4.702818711
     0.04461901933,      0.4259563148,       9.546518978
     0.04380128357,       0.430083534,       9.818971019
      0.0407627099,       0.430883333,       10.57052718
     0.03976092647,      0.4306285595,       10.83044581
     0.03925987627,      0.4311841311,       10.98281941
     0.03921428001,      0.4326958097,       11.03413883
     0.03938926381,      0.4349829556,       11.04318572
     0.03969721969,      0.4375140165,       11.02127605
     0.04005536265,      0.4397483575,       10.97851395
     0.04040277255,      0.4415245375,       10.92807522
      0.0407339524,      0.4430235597,       10.87602684
     0.04105328198,      0.4443598516,       10.82397875
     0.04135231064,      0.4454885584,        10.7730028
      0.0416235918,      0.4463632824,       10.72380501
       0.041879061,      0.4470984774,       10.67594322
     0.04211918907,      0.4476683263,       10.62860744
     0.04234207442,      0.4480717496,         10.582187
     0.04254396457,       0.448341668,       10.53831425
     0.04273466534,      0.4485614509,       10.49643065
     0.04291006266,      0.4487496895,        10.4579127
     0.04306101107,       0.448878241,        10.4242383
     0.04319459017,      0.4489886479,       10.39455742
     0.04332392315,       0.449138028,       10.36697499
     0.04345089658,      0.4493110337,       10.34066197
     0.04356777937,      0.4494570886,        10.3162726
     0.04367540681,      0.4495836253,       10.29374786
     0.04377544515,      0.4497041821,       10.27297793
     0.04386620718,      0.4498126969,       10.25419624
     0.04395093926,      0.4499195677,       10.23685899
     0.04403198043,      0.4500241752,        10.2203937
     0.04410664477,      0.4501080933,       10.20499509
     0.04417428173,       0.450169025,       10.19074917
     0.04423631889,      0.4502210176,       10.17763297
     0.04429404327,       0.450272169,       10.16552421
     0.04434957025,      0.4503321667,        10.1541495
     0.04440315971,      0.4503993568,       10.14340781
     0.04445168004,      0.4504532184,       10.13354766
     0.04449593116,      0.4504932464,       10.12436946
     0.04453612128,      0.4505209274,        10.1158546
     0.04457249247,      0.4505371711,       10.10796449
     0.04460646465,      0.4505490755,       10.10053316
     0.04463735254,      0.4505560393,       10.09369986
      0.0446649665,      0.4505595879,       10.08753892
     0.04468916909,      0.4505582047,        10.0820448
     0.04471078703,      0.4505546716,       10.07709104
     0.04473057369,       0.450552758,       10.07259064
     0.04474839976,      0.4505511112,        10.0685413
       0.044764322,      0.4505484111,        10.0648997
     0.04477839403,       0.450543423,       10.06162532
     0.04479074473,      0.4505355074,       10.05867418
     0.04480129027,      0.4505232929,       10.05603388
      0.0448100105,      0.4505063628,       10.05369911
     0.04481727654,      0.4504863272,        10.0516221
     0.04482332934,      0.4504640483,       10.04976772
     0.04482825424,      0.4504400061,       10.04812732
     0.04483219886,      0.4504151558,       10.04668893
     0.04483535311,      0.4503904993,       10.04543219
     0.04483788374,      0.4503667329,       10.04433518
     0.04483992925,        0.45034435,        10.0433778
     0.04484159553,      0.4503236338,       10.04254261
     0.04484295799,      0.4503046843,       10.04181491
     0.04484406916,      0.4502874811,       10.04118247
     0.04484496532,      0.4502719197,       10.04063481
     0.04484566982,      0.4502578221,       10.04016271
       0.044846201,      0.4502450017,       10.03975792
     0.04484657496,      0.4502332864,       10.03941297
     0.04484680685,      0.4502225288,       10.03912119
     0.04484691087,      0.4502126095,       10.03887672
     0.04484690022,      0.4502034361,       10.03867455
     0.04484678778,      0.4501949377,       10.03851022
     0.04484658711,      0.4501870603,       10.03837949
     0.04484631131,      0.4501797663,       10.03827858
     0.04484597318,      0.4501730256,       10.03820396
     0.04484558424,      0.4501668148,       10.03815253
     0.04484515475,       0.450161111,       10.03812148
     0.04484469391,      0.4501558886,       10.03810818
     0.04484420991,      0.4501511236,       10.03811026
     0.04484370977,      0.4501467916,       10.03812561
     0.04484319968,      0.4501428634,        10.0381522
     0.04484268485,      0.4501393086,       10.03818817
     0.04484216955,       0.450136096,       10.03823188
      0.0448416571,      0.4501331937,       10.03828188
     0.04484115008,       0.450130569,       10.03833684
     0.04484065045,      0.4501281907,       10.03839565
      0.0448401598,      0.4501260306,       10.03845733
     0.04483967942,      0.4501240632,       10.03852099
     0.04483921045,      0.4501222664,       10.03858591
      0.0448387539,      0.4501206214,       10.03865144
     0.04483831066,      0.4501191133,       10.03871704
     0.04483788155,      0.4501177292,       10.03878225
     0.04483746726,      0.4501164592,       10.03884668
     0.04483706835,      0.4501152948,       10.03891002
     0.04483668525,      0.4501142284,       10.03897201
     0.04483631825,      0.4501132535,       10.03903244
      0.0448359676,      0.4501123642,       10.03909112
     0.04483563347,      0.4501115549,       10.03914788
      0.0448353159,      0.4501108207,       10.03920262
     0.04483501488,      0.4501101569,       10.03925521
     0.04483473031,      0.4501095592,        10.0393056
     0.04483446205,      0.4501090236,       10.03935373
     0.04483420984,      0.4501085465,       10.03939956
     0.04483397341,      0.4501081244,       10.03944309
     0.04483375243,      0.4501077538,        10.0394843
     0.04483354652,      0.4501074318,       10.03952323
     0.04483335532,      0.4501071555,       10.03955988
     0.04483317839,      0.4501069223,        10.0395943
     0.04483301531,      0.4501067299,       10.03962653
     0.04483286567,      0.4501065757,        10.0396566
     0.04483272899,       0.450106457,       10.03968456
     0.04483260482,      0.4501063714,       10.03971046
     0.04483249264,      0.4501063161,       10.03973434
     0.04483239193,      0.4501062882,       10.03975628
     0.04483230212,      0.4501062851,       10.03977632
     0.04483222266,      0.4501063039,       10.03979453
     0.04483215295,       0.450106342,       10.03981099
     0.04483209242,      0.4501063966,       10.03982577
     0.04483204047,      0.4501064651,       10.03983893
     0.04483199655,       0.450106545,       10.03985055
     0.04483196007,      0.4501066339,        10.0398607
     0.04483193048,      0.4501067296,       10.03986946
     0.04483190725,      0.4501068298,        10.0398769
     0.04483188983,      0.4501069325,       10.03988309
     0.04483187773,      0.4501070358,        10.0398881
     0.04483187044,      0.4501071379,       10.03989201
      0.0448318675,      0.4501072373,       10.03989489
     0.04483186846,      0.4501073325,        10.0398968
     0.04483187287,      0.4501074224,       10.03989781
     0.04483188035,      0.4501075059,         10.039898
     0.04483189048,       0.450107582,       10.03989743
     0.04483190291,        0.45010765,       10.03989616
     0.04483191726,      0.4501077091,       10.03989427
     0.04483193322,      0.4501077588,        10.0398918
     0.04483195044,      0.4501077989,       10.03988884
     0.04483196864,      0.4501078292,       10.03988544
     0.04483198753,      0.4501078498,       10.03988167
     0.04483200685,      0.4501078608,       10.03987759
     0.04483202638,      0.4501078629,       10.03987326
     0.04483204591,      0.4501078564,       10.03986874
     0.04483206523,      0.4501078422,        10.0398641
     0.04483208419,      0.4501078212,       10.03985938
     0.04483210263,      0.4501077942,       10.03985465
     0.04483212044,       0.450107762,       10.03984995
     0.04483213751,      0.4501077257,       10.03984531
     0.04483215376,      0.4501076859,       10.03984079
     0.04483216915,      0.4501076434,       10.03983639
     0.04483218364,       0.450107599,       10.03983216
     0.04483219719,      0.4501075535,       10.03982811
     0.04483220979,      0.4501075075,       10.03982426
     0.04483222146,      0.4501074616,       10.03982062
     0.04483223219,      0.4501074165,       10.03981721
     0.04483224202,      0.4501073726,       10.03981403
     0.04483225096,      0.4501073304,       10.03981109
     0.04483225905,      0.4501072903,       10.03980839
     0.04483226632,      0.4501072527,       10.03980592
     0.04483227282,      0.4501072177,       10.03980368
     0.04483227859,      0.4501071855,       10.03980167
     0.04483228366,      0.4501071563,       10.03979988
     0.04483228809,      0.4501071301,       10.03979831
     0.04483229191,      0.4501071069,       10.03979693
     0.04483229517,      0.4501070866,       10.03979575
     0.04483229791,      0.4501070691,       10.03979475
     0.04483230017,      0.4501070542,       10.03979391
     0.04483230198,      0.4501070418,       10.03979323
     0.04483230339,      0.4501070316,       10.03979268
     0.04483230443,      0.4501070233,       10.03979227
     0.04483230514,      0.4501070168,       10.03979196
     0.04483230553,      0.4501070117,       10.03979176
     0.04483230565,      0.4501070078,       10.03979165
     0.04483230552,      0.4501070047,       10.03979161
     0.04483230516,      0.4501070022,       10.03979163
     0.04483230459,          0.450107,       10.03979171
     0.04483230384,      0.4501069979,       10.03979183
     0.04483230291,      0.4501069957,       10.03979199
     0.04483230184,      0.4501069932,       10.03979217
     0.04483230063,      0.4501069902,       10.03979238
      0.0448322993,      0.4501069865,        10.0397926
     0.04483229785,      0.4501069822,       10.03979282
     0.04483229631,      0.4501069771,       10.03979305
     0.04483229467,      0.4501069712,       10.03979329
     0.04483229295,      0.4501069645,       10.03979353
     0.04483229115,       0.450106957,       10.03979376
     0.04483228928,      0.4501069488,         10.039794
     0.04483228735,        0.45010694,       10.03979423
     0.04483228535,      0.4501069306,       10.03979447
     0.04483228329,      0.4501069208,       10.03979471
     0.04483228118,      0.4501069106,       10.03979496
     0.04483227903,      0.4501069002,       10.03979521
     0.04483227684,      0.4501068898,       10.03979547
     0.04483227462,      0.4501068794,       10.03979573
     0.04483227237,      0.4501068693,       10.03979601
      0.0448322701,      0.4501068595,        10.0397963
     0.04483226783,      0.4501068502,        10.0397966
     0.04483226556,      0.4501068416,       10.03979692
     0.04483226331,      0.4501068337,       10.03979725
     0.04483226107,      0.4501068267,       10.03979759
     0.04483225887,      0.4501068206,       10.03979795
     0.04483225672,      0.4501068156,       10.03979832
     0.04483225461,      0.4501068116,        10.0397987
     0.04483225257,      0.4501068088,        10.0397991
      0.0448322506,      0.4501068072,        10.0397995
     0.04483224871,      0.4501068067,       10.03979991
      0.0448322469,      0.4501068074,       10.03980033
     0.04483224518,      0.4501068092,       10.03980076
     0.04483224356,       0.450106812,       10.03980119
     0.04483224202,      0.4501068158,       10.03980161
     0.04483224059,      0.4501068206,       10.03980204
     0.04483223926,      0.4501068261,       10.03980246
     0.04483223804,      0.4501068325,       10.03980288
     0.04483223692,      0.4501068394,       10.03980328
      0.0448322359,      0.4501068469,       10.03980368
       0.044832235,      0.4501068548,       10.03980406
      0.0448322342,       0.450106863,       10.03980442
      0.0448322335,      0.4501068714,       10.03980476
      0.0448322329,      0.4501068799,       10.03980509
      0.0448322324,      0.4501068883,       10.03980539
     0.04483223199,      0.4501068966,       10.03980566
     0.04483223167,      0.4501069047,       10.03980591
     0.04483223144,      0.4501069125,       10.03980614
     0.04483223128,      0.4501069199,       10.03980634
      0.0448322312,      0.4501069268,       10.03980651
     0.04483223118,      0.4501069331,       10.03980666
     0.04483223122,      0.4501069389,       10.03980678
     0.04483223131,       0.450106944,       10.03980687
     0.04483223145,      0.4501069484,       10.03980694
     0.04483223163,      0.4501069522,       10.03980698
     0.04483223184,      0.4501069553,       10.03980701
     0.04483223209,      0.4501069577,         10.039807
     0.04483223236,      0.4501069595,       10.03980698
     0.04483223265,      0.4501069607,       10.03980694
     0.04483223296,      0.4501069613,       10.03980689
     0.04483223329,      0.4501069613,       10.03980682
     0.04483223361,      0.4501069608,       10.03980673
     0.04483223395,      0.4501069599,       10.03980664
     0.04483223428,      0.4501069586,       10.03980653
     0.04483223461,      0.4501069569,       10.03980642
     0.04483223494,      0.4501069549,        10.0398063
     0.04483223526,      0.4501069526,       10.03980618
     0.04483223557,      0.4501069502,       10.03980606
     0.04483223588,      0.4501069477,       10.03980593
     0.04483223617,      0.4501069451,       10.03980581
     0.04483223645,      0.4501069425,       10.03980569
     0.04483223672,      0.4501069399,       10.03980557
     0.04483223698,      0.4501069375,       10.03980546
     0.04483223722,      0.4501069351,       10.03980535
     0.04483223746,      0.4501069329,       10.03980525
     0.04483223769,       0.450106931,       10.03980515
     0.04483223791,      0.4501069292,       10.03980506
     0.04483223812,      0.4501069277,       10.03980498
     0.04483223832,      0.4501069264,       10.03980491
     0.04483223851,      0.4501069254,       10.03980484
     0.04483223869,      0.4501069246,       10.03980479
     0.04483223887,      0.4501069241,       10.03980474
     0.04483223903,      0.4501069238,       10.03980469
      0.0448322392,      0.4501069237,       10.03980465
     0.04483223935,      0.4501069238,       10.03980462
      0.0448322395,      0.4501069242,       10.03980459
     0.04483223965,      0.4501069247,       10.03980457
      0.0448322398,      0.4501069253,       10.03980456
     0.04483223994,      0.4501069261,       10.03980454
     0.04483224008,       0.450106927,       10.03980453
     0.04483224021,      0.4501069279,       10.03980452
     0.04483224034,       0.450106929,       10.03980451
     0.04483224047,        0.45010693,       10.03980451
     0.04483224059,       0.450106931,        10.0398045
     0.04483224071,       0.450106932,        10.0398045
     0.04483224083,       0.450106933,        10.0398045
     0.04483224094,      0.4501069339,       10.03980449
     0.04483224104,      0.4501069347,       10.03980449
     0.04483224114,      0.4501069354,       10.03980448
     0.04483224123,      0.4501069361,       10.03980447
     0.04483224131,      0.4501069366,       10.03980447
     0.04483224138,      0.4501069369,       10.03980446
     0.04483224145,      0.4501069372,       10.03980445
      0.0448322415,      0.4501069373,       10.03980444
