VARIABLES = \
       "CD"       ,       "CL"       ,      "CEff"      
     0.06447358199,      0.3859852525,        5.98671953
     0.03407902148,      0.3814288651,        11.1924829
     0.03160033373,      0.3874678017,        12.2615098
     0.03116572591,      0.3997114785,       12.82535435
     0.03083261097,      0.4061220628,       13.17183495
     0.03069013644,      0.4129577984,       13.45571725
     0.03093903434,       0.420833595,       13.60202747
     0.03119799067,       0.427070901,        13.6890515
     0.03139396432,      0.4314345904,        13.7425967
     0.03162149809,      0.4353985608,       13.76906811
     0.03189951511,      0.4394378026,        13.7756891
     0.03216846511,      0.4430390872,       13.77246585
     0.03239611599,      0.4459462896,       13.76542453
     0.03260092611,      0.4485188215,       13.75785522
     0.03278384085,       0.450815139,       13.75113859
     0.03295422443,      0.4529370883,       13.74443174
     0.03312692719,      0.4550591492,       13.73683549
     0.03329852109,      0.4571320512,       13.72829892
     0.03345400077,      0.4589946857,       13.72017323
      0.0335865376,      0.4605616836,       13.71268718
     0.03370204246,      0.4619102943,       13.70570626
     0.03380313266,      0.4630559901,       13.69861175
     0.03389281242,      0.4640204805,       13.69082255
     0.03397176172,      0.4648145923,       13.68238115
     0.03404315841,      0.4654803853,       13.67324323
     0.03410725315,      0.4660288124,        13.6636278
     0.03416755376,      0.4665302552,       13.65418954
     0.03422513233,      0.4670102987,        13.6452445
     0.03427867426,      0.4674694714,       13.63732646
     0.03432748333,      0.4678978404,        13.6304149
     0.03437230938,      0.4682949899,       13.62419338
     0.03441345459,      0.4686546743,       13.61835596
     0.03445124392,      0.4689759889,       13.61274473
     0.03448687305,      0.4692710348,       13.60723641
     0.03452065846,      0.4695431106,       13.60180053
     0.03455159624,       0.469787973,       13.59670823
     0.03457930892,      0.4700018882,       13.59199773
     0.03460360208,      0.4701820316,        13.5876615
     0.03462409728,       0.470324291,       13.58372717
     0.03464095466,      0.4704288022,       13.58013388
     0.03465447334,      0.4704986511,       13.57685187
     0.03466549001,      0.4705404568,       13.57374313
     0.03467470372,      0.4705607366,       13.57072119
     0.03468257552,      0.4705650646,       13.56776588
     0.03468924463,      0.4705576053,        13.5649424
     0.03469486065,      0.4705414744,       13.56228172
       0.034699503,      0.4705187997,        13.5598138
     0.03470315016,      0.4704901415,       13.55756291
     0.03470580701,      0.4704557194,       13.55553321
     0.03470756483,      0.4704160205,       13.55370286
     0.03470854558,      0.4703716959,       13.55204282
     0.03470890144,       0.470323694,       13.55052089
     0.03470878375,      0.4702730604,       13.54910802
     0.03470831605,      0.4702207037,       13.54778212
     0.03470758191,      0.4701673143,       13.54653042
     0.03470662627,      0.4701134189,       13.54535054
     0.03470546951,      0.4700594203,       13.54424611
     0.03470411632,      0.4700056089,       13.54322365
       0.034702574,       0.469952298,       13.54228934
     0.03470086008,      0.4698998346,       13.54144633
     0.03469900495,      0.4698485883,       13.54069343
     0.03469704943,      0.4697989137,       13.54002491
     0.03469504088,      0.4697511369,       13.53943172
     0.03469302996,      0.4697055613,       13.53890282
     0.03469106358,      0.4696624382,       13.53842718
     0.03468917864,      0.4696219408,        13.5379954
     0.03468739549,      0.4695841142,       13.53760084
     0.03468571752,      0.4695488681,       13.53723958
     0.03468413813,      0.4695160436,       13.53690963
     0.03468264676,      0.4694854688,       13.53661017
     0.03468123251,      0.4694569841,       13.53634084
     0.03467988553,      0.4694304434,        13.5361013
     0.03467859764,      0.4694057105,       13.53589079
     0.03467736318,      0.4693826606,       13.53570795
     0.03467617923,      0.4693611813,       13.53555068
     0.03467504489,      0.4693411693,       13.53541634
      0.0346739608,      0.4693225273,       13.53530189
      0.0346729285,      0.4693051656,       13.53520415
     0.03467194986,      0.4692890044,       13.53512007
     0.03467102661,      0.4692739737,       13.53504697
     0.03467015982,      0.4692600143,       13.53498273
     0.03466934945,      0.4692470741,       13.53492585
     0.03466859433,      0.4692351068,       13.53487546
     0.03466789226,      0.4692240688,       13.53483117
      0.0346672404,      0.4692139182,       13.53479287
     0.03466663578,      0.4692046144,       13.53476055
     0.03466607554,      0.4691961168,       13.53473416
     0.03466555721,      0.4691883842,       13.53471347
     0.03466507869,      0.4691813743,       13.53469809
     0.03466463815,      0.4691750424,       13.53468743
     0.03466423391,      0.4691693417,       13.53468082
     0.03466386421,      0.4691642232,        13.5346775
     0.03466352719,      0.4691596362,       13.53467677
     0.03466322077,        0.46915553,       13.53467795
     0.03466294268,      0.4691518545,        13.5346805
     0.03466269052,      0.4691485622,       13.53468398
     0.03466246183,       0.469145609,       13.53468808
     0.03466225419,       0.469142955,       13.53469259
     0.03466206532,      0.4691405658,       13.53469741
     0.03466189318,      0.4691384118,       13.53470249
     0.03466173597,       0.469136469,       13.53470782
     0.03466159221,      0.4691347175,       13.53471343
     0.03466146068,      0.4691331413,       13.53471931
      0.0346613404,       0.469131727,       13.53472548
     0.03466123059,      0.4691304634,        13.5347319
     0.03466113063,      0.4691293402,       13.53473853
     0.03466103997,      0.4691283479,        13.5347453
     0.03466095814,      0.4691274773,       13.53475214
     0.03466088466,      0.4691267191,       13.53475896
     0.03466081907,       0.469126064,       13.53476567
      0.0346607609,      0.4691255025,       13.53477218
     0.03466070964,      0.4691250255,       13.53477844
     0.03466066477,       0.469124624,       13.53478437
     0.03466062575,      0.4691242891,       13.53478995
       0.034660592,      0.4691240128,       13.53479516
     0.03466056296,      0.4691237872,       13.53479999
     0.03466053807,      0.4691236056,       13.53480447
     0.03466051679,      0.4691234616,       13.53480862
     0.03466049865,      0.4691233499,       13.53481249
     0.03466048318,      0.4691232659,        13.5348161
     0.03466047001,      0.4691232055,        13.5348195
     0.03466045882,      0.4691231655,       13.53482272
     0.03466044935,      0.4691231431,       13.53482577
     0.03466044138,      0.4691231358,       13.53482867
     0.03466043476,      0.4691231418,       13.53483143
     0.03466042936,      0.4691231593,       13.53483404
     0.03466042507,      0.4691231867,       13.53483651
     0.03466042179,      0.4691232229,       13.53483883
     0.03466041946,      0.4691232664,         13.534841
     0.03466041799,      0.4691233161,       13.53484301
      0.0346604173,       0.469123371,       13.53484486
     0.03466041732,      0.4691234301,       13.53484656
     0.03466041796,      0.4691234925,       13.53484811
     0.03466041916,      0.4691235574,       13.53484951
     0.03466042083,      0.4691236243,       13.53485079
     0.03466042292,      0.4691236927,       13.53485195
     0.03466042536,      0.4691237622,         13.534853
     0.03466042809,      0.4691238323,       13.53485396
     0.03466043106,      0.4691239028,       13.53485483
     0.03466043421,      0.4691239732,       13.53485564
     0.03466043749,      0.4691240433,       13.53485638
     0.03466044085,      0.4691241126,       13.53485706
     0.03466044426,      0.4691241808,        13.5348577
     0.03466044768,      0.4691242475,       13.53485829
     0.03466045109,      0.4691243126,       13.53485883
     0.03466045445,      0.4691243757,       13.53485934
     0.03466045776,      0.4691244367,       13.53485981
       0.034660461,      0.4691244956,       13.53486024
     0.03466046416,      0.4691245522,       13.53486064
     0.03466046725,      0.4691246065,       13.53486101
     0.03466047024,      0.4691246586,       13.53486134
     0.03466047314,      0.4691247083,       13.53486164
     0.03466047595,      0.4691247558,       13.53486191
     0.03466047866,       0.469124801,       13.53486216
     0.03466048128,      0.4691248442,       13.53486238
      0.0346604838,      0.4691248852,       13.53486258
     0.03466048623,      0.4691249244,       13.53486276
     0.03466048857,      0.4691249616,       13.53486292
     0.03466049081,       0.469124997,       13.53486307
     0.03466049296,      0.4691250308,        13.5348632
     0.03466049502,      0.4691250629,       13.53486333
     0.03466049699,      0.4691250935,       13.53486344
     0.03466049887,      0.4691251226,       13.53486354
     0.03466050067,      0.4691251502,       13.53486364
     0.03466050238,      0.4691251766,       13.53486373
     0.03466050402,      0.4691252016,       13.53486381
     0.03466050557,      0.4691252253,       13.53486389
     0.03466050706,      0.4691252479,       13.53486396
     0.03466050847,      0.4691252692,       13.53486403
     0.03466050981,      0.4691252895,       13.53486409
     0.03466051108,      0.4691253086,       13.53486414
     0.03466051229,      0.4691253267,       13.53486419
     0.03466051344,      0.4691253438,       13.53486424
     0.03466051453,      0.4691253599,       13.53486428
     0.03466051556,      0.4691253752,       13.53486431
     0.03466051654,      0.4691253895,       13.53486435
     0.03466051746,       0.469125403,       13.53486438
     0.03466051833,      0.4691254158,        13.5348644
     0.03466051915,      0.4691254278,       13.53486443
     0.03466051993,      0.4691254391,       13.53486445
     0.03466052066,      0.4691254497,       13.53486447
     0.03466052135,      0.4691254597,       13.53486449
     0.03466052201,      0.4691254692,       13.53486451
     0.03466052262,      0.4691254781,       13.53486453
      0.0346605232,      0.4691254865,       13.53486454
     0.03466052374,      0.4691254944,       13.53486456
