VARIABLES = \
       "CD"       ,       "CL"       ,      "CEff"      
     0.03846992108,      0.2116656759,         5.5021084
     0.01494954684,      0.2432193414,       16.26934542
     0.01399102255,      0.2476321405,       17.69935968
     0.01211227149,      0.2569322622,       21.21255806
     0.01157155595,      0.2650117279,       22.90199598
     0.01124641385,      0.2708061637,       24.07933473
     0.01123621315,      0.2765607541,       24.61334174
     0.01134597435,      0.2823020957,       24.88125629
     0.01149075943,      0.2871872937,       24.99289062
     0.01162281538,      0.2908637404,       25.02523966
      0.0117309336,      0.2934707068,       25.01682447
     0.01181700143,      0.2952721172,       24.98705943
     0.01188512871,      0.2964714511,       24.94474046
     0.01193938211,      0.2972207652,       24.89414967
     0.01198389125,      0.2976562103,       24.83802666
     0.01202181355,       0.297894278,       24.77947914
     0.01205475656,      0.2980166495,       24.72191355
     0.01208290024,      0.2980668226,       24.66848329
     0.01210579665,      0.2980603216,        24.6212893
     0.01212329562,      0.2980006596,       24.58082925
     0.01213581244,      0.2978909088,       24.54643316
     0.01214403708,       0.297738079,       24.51722413
     0.01214914834,      0.2975537533,        24.4917376
     0.01215227259,       0.297350244,       24.46869438
     0.01215443222,      0.2971354654,        24.4466759
     0.01215520902,      0.2969041076,       24.42607998
     0.01215453458,      0.2966572566,       24.40712597
     0.01215313192,      0.2964010284,       24.38885962
     0.01215126884,      0.2961417212,       24.37125908
     0.01214978322,      0.2958896627,       24.35349316
      0.0121491843,      0.2956530542,       24.33521846
     0.01214957617,      0.2954354995,       24.31652721
       0.012150847,      0.2952369665,       24.29764497
      0.0121527454,      0.2950558995,       24.27895013
     0.01215501218,      0.2948914602,       24.26089384
     0.01215740029,      0.2947438598,       24.24398742
      0.0121597225,      0.2946143881,       24.22870983
      0.0121618388,      0.2945042497,       24.21543769
     0.01216366095,      0.2944140632,       24.20439573
     0.01216515814,      0.2943437224,        24.1956347
     0.01216633752,      0.2942921936,       24.18905387
     0.01216723215,      0.2942576147,       24.18443333
      0.0121678967,      0.2942375484,       24.18146338
     0.01216839577,      0.2942291278,        24.1797796
     0.01216878519,      0.2942293522,       24.17902425
     0.01216913454,      0.2942355412,        24.1788387
      0.0121695189,      0.2942454452,       24.17888889
     0.01217001602,      0.2942570933,       24.17885833
     0.01217070068,      0.2942688878,       24.17846725
     0.01217162384,      0.2942795308,       24.17750784
     0.01217279703,      0.2942878798,       24.17586354
     0.01217419283,      0.2942929473,       24.17350796
     0.01217574597,       0.294293883,       24.17050123
     0.01217736221,      0.2942899612,       24.16697116
     0.01217893034,      0.2942806181,       24.16309231
     0.01218033748,      0.2942655267,       24.15906188
     0.01218148267,      0.2942446859,       24.15507979
     0.01218228208,      0.2942184034,       24.15133729
     0.01218267138,      0.2941872732,       24.14801024
     0.01218260943,      0.2941521409,       24.14524922
     0.01218208509,       0.294114077,        24.1431639
     0.01218111974,      0.2940743282,       24.14181409
     0.01217976262,      0.2940341805,       24.14120782
     0.01217808194,      0.2939947951,       24.14130539
     0.01217616501,        0.29395721,       24.14201925
     0.01217410916,      0.2939222743,       24.14322644
     0.01217200506,       0.293890526,       24.14479163
     0.01216993735,      0.2938622774,       24.14657274
     0.01216797883,      0.2938376102,       24.14843207
     0.01216619204,      0.2938164719,       24.15024117
      0.0121646309,      0.2937987471,       24.15188341
     0.01216333724,      0.2937842743,       24.15326225
      0.0121623365,      0.2937728246,       24.15430823
      0.0121616343,      0.2937640909,       24.15498474
     0.01216121634,      0.2937576797,       24.15528772
     0.01216105092,      0.2937531182,       24.15524121
     0.01216109257,      0.2937498849,        24.1548926
      0.0121612895,      0.2937474801,       24.15430371
     0.01216158979,      0.2937454882,       24.15354353
     0.01216194499,      0.2937435966,       24.15268256
     0.01216231184,      0.2937415802,       24.15178826
     0.01216265355,      0.2937392897,       24.15092139
     0.01216293975,      0.2937366304,       24.15013446
     0.01216314572,      0.2937335383,       24.14947129
     0.01216325308,      0.2937299725,       24.14896496
     0.01216325213,      0.2937259283,       24.14863436
     0.01216314303,      0.2937214459,       24.14848243
     0.01216293441,      0.2937166028,       24.14849845
     0.01216264248,      0.2937115193,       24.14866012
     0.01216228717,      0.2937063218,       24.14893825
     0.01216188907,      0.2937011141,       24.14930054
     0.01216146745,      0.2936959703,       24.14971479
     0.01216103818,      0.2936909196,       24.15015192
     0.01216061438,      0.2936859609,       24.15058579
     0.01216020936,      0.2936811145,       24.15099164
     0.01215983538,      0.2936764332,       24.15134942
     0.01215950219,      0.2936719853,        24.1516454
     0.01215921582,       0.293667836,       24.15187299
     0.01215897743,      0.2936640227,       24.15203288
     0.01215878388,      0.2936605504,       24.15213177
      0.0121586294,      0.2936574093,       24.15218029
     0.01215850718,      0.2936545853,        24.1521908
     0.01215841026,      0.2936520654,       24.15217609
     0.01215833222,      0.2936498471,       24.15214864
     0.01215826788,      0.2936479416,       24.15211974
     0.01215821308,      0.2936463645,       24.15209888
      0.0121581644,      0.2936451199,       24.15209321
     0.01215811937,      0.2936441994,       24.15210695
     0.01215807645,        0.29364358,       24.15214127
     0.01215803522,      0.2936432303,        24.1521944
     0.01215799633,      0.2936431155,       24.15226222
     0.01215796108,      0.2936431979,       24.15233903
      0.0121579311,      0.2936434357,       24.15241814
     0.01215790815,      0.2936437873,       24.15249265
     0.01215789379,      0.2936442094,       24.15255589
     0.01215788903,       0.293644656,        24.1526021
     0.01215789413,      0.2936450813,       24.15262693
     0.01215790866,      0.2936454429,       24.15262781
      0.0121579314,      0.2936457047,       24.15260417
     0.01215796045,      0.2936458389,       24.15255752
      0.0121579933,      0.2936458261,       24.15249119
     0.01215802715,      0.2936456541,       24.15240979
     0.01215805914,      0.2936453189,       24.15231869
     0.01215808658,      0.2936448253,       24.15222357
     0.01215810708,      0.2936441844,       24.15213013
     0.01215811861,      0.2936434124,       24.15204373
     0.01215811962,      0.2936425307,       24.15196921
      0.0121581092,      0.2936415658,       24.15191055
     0.01215808721,      0.2936405485,       24.15187055
      0.0121580543,       0.293639512,       24.15185069
      0.0121580117,      0.2936384876,       24.15185105
     0.01215796121,      0.2936375033,       24.15187038
     0.01215790523,      0.2936365868,       24.15190621
     0.01215784632,       0.293635761,       24.15195531
       0.012157787,      0.2936350424,       24.15201404
     0.01215772953,        0.29363444,       24.15207867
     0.01215767585,      0.2936339568,       24.15214556
     0.01215762756,      0.2936335908,       24.15221137
     0.01215758588,      0.2936333364,       24.15227326
     0.01215755169,      0.2936331862,       24.15232883
     0.01215752558,      0.2936331311,       24.15237618
     0.01215750768,        0.29363316,       24.15241411
     0.01215749761,      0.2936332592,       24.15244228
     0.01215749456,      0.2936334133,       24.15246101
     0.01215749737,       0.293633606,       24.15247127
     0.01215750467,      0.2936338209,       24.15247444
     0.01215751514,      0.2936340452,        24.1524721
     0.01215752752,      0.2936342689,       24.15246591
     0.01215754073,      0.2936344853,       24.15245745
     0.01215755388,        0.29363469,       24.15244818
     0.01215756618,      0.2936348799,       24.15243935
     0.01215757699,       0.293635052,       24.15243204
     0.01215758577,      0.2936352031,       24.15242702
     0.01215759219,      0.2936353306,       24.15242476
     0.01215759613,       0.293635433,       24.15242535
     0.01215759772,      0.2936355108,        24.1524286
     0.01215759725,      0.2936355658,       24.15243406
     0.01215759511,      0.2936356001,       24.15244113
     0.01215759173,      0.2936356161,       24.15244915
     0.01215758754,      0.2936356158,       24.15245745
     0.01215758293,      0.2936356009,       24.15246539
     0.01215757826,      0.2936355729,       24.15247236
     0.01215757388,      0.2936355341,       24.15247786
     0.01215757005,      0.2936354864,       24.15248156
     0.01215756692,      0.2936354321,        24.1524833
     0.01215756459,      0.2936353732,        24.1524831
     0.01215756302,      0.2936353113,       24.15248111
     0.01215756214,      0.2936352475,       24.15247763
     0.01215756179,      0.2936351828,         24.152473
     0.01215756183,      0.2936351181,       24.15246759
     0.01215756211,      0.2936350542,       24.15246178
      0.0121575625,      0.2936349921,        24.1524559
     0.01215756289,      0.2936349329,       24.15245026
     0.01215756319,      0.2936348775,       24.15244511
     0.01215756334,       0.293634827,       24.15244065
     0.01215756331,       0.293634782,       24.15243701
     0.01215756309,      0.2936347429,       24.15243422
     0.01215756271,      0.2936347096,       24.15243225
     0.01215756221,      0.2936346821,       24.15243098
     0.01215756166,        0.29363466,       24.15243026
     0.01215756112,      0.2936346426,        24.1524299
     0.01215756065,      0.2936346292,       24.15242973
     0.01215756031,      0.2936346191,       24.15242956
     0.01215756015,      0.2936346114,       24.15242926
     0.01215756017,      0.2936346051,        24.1524287
     0.01215756038,      0.2936345995,       24.15242782
     0.01215756077,      0.2936345938,       24.15242658
     0.01215756129,      0.2936345872,         24.152425
      0.0121575619,      0.2936345794,       24.15242315
     0.01215756253,      0.2936345699,       24.15242111
     0.01215756312,      0.2936345587,       24.15241901
     0.01215756361,      0.2936345457,       24.15241697
     0.01215756393,      0.2936345309,       24.15241512
     0.01215756404,      0.2936345147,       24.15241358
     0.01215756389,      0.2936344975,       24.15241245
     0.01215756347,      0.2936344797,       24.15241182
     0.01215756279,       0.293634462,       24.15241173
     0.01215756185,       0.293634445,       24.15241219
     0.01215756069,      0.2936344292,       24.15241318
     0.01215755937,      0.2936344152,       24.15241466
     0.01215755794,      0.2936344035,       24.15241654
     0.01215755646,      0.2936343944,       24.15241873
     0.01215755499,      0.2936343882,       24.15242113
      0.0121575536,      0.2936343849,       24.15242363
     0.01215755233,      0.2936343847,       24.15242613
     0.01215755123,      0.2936343872,       24.15242854
     0.01215755032,      0.2936343924,       24.15243077
     0.01215754963,         0.2936344,       24.15243277
     0.01215754916,      0.2936344095,       24.15243448
     0.01215754891,      0.2936344206,       24.15243588
     0.01215754887,      0.2936344329,       24.15243697
     0.01215754902,      0.2936344459,       24.15243776
     0.01215754931,      0.2936344591,       24.15243826
     0.01215754971,      0.2936344721,       24.15243853
      0.0121575502,      0.2936344847,       24.15243861
     0.01215755073,      0.2936344966,       24.15243853
     0.01215755128,      0.2936345076,       24.15243834
     0.01215755182,      0.2936345176,       24.15243809
     0.01215755234,      0.2936345266,        24.1524378
     0.01215755281,      0.2936345344,        24.1524375
     0.01215755323,      0.2936345411,       24.15243722
     0.01215755358,      0.2936345466,       24.15243697
     0.01215755388,       0.293634551,       24.15243675
     0.01215755411,      0.2936345542,       24.15243655
     0.01215755428,      0.2936345564,       24.15243639
     0.01215755441,      0.2936345576,       24.15243623
     0.01215755449,      0.2936345578,       24.15243608
     0.01215755455,      0.2936345572,       24.15243592
     0.01215755459,      0.2936345559,       24.15243573
