VARIABLES = \
       "CD"       ,       "CL"       ,      "CEff"      
     0.09395014331,      0.5091916678,       5.419807249
     0.05338169887,      0.5859544173,       10.97669107
     0.05254011481,      0.5900569182,       11.23059819
      0.0499899277,      0.5902322131,       11.80702274
     0.04870908528,      0.5886871233,        12.0857766
     0.04758288413,      0.5862364738,       12.32032241
     0.04683317649,      0.5854260178,       12.50024153
     0.04653832745,      0.5869715269,       12.61264766
     0.04665810825,       0.590103204,       12.64738812
     0.04700074561,      0.5935163156,       12.62780639
      0.0473240034,      0.5957753406,       12.58928446
     0.04749020133,      0.5964014215,       12.55841005
     0.04754443458,      0.5961870675,       12.53957635
     0.04759512571,      0.5960348355,       12.52302261
     0.04770780989,      0.5962718638,         12.498412
     0.04787327833,      0.5966394506,       12.46289102
     0.04805057695,       0.596802823,       12.42030504
     0.04820771492,      0.5966323926,       12.37628445
     0.04833753799,      0.5962169899,       12.33445092
     0.04845137723,      0.5957315168,       12.29545063
      0.0485660237,       0.595316846,       12.25788732
     0.04868857036,      0.5950028488,       12.22058574
      0.0488135632,      0.5947291048,       12.18368555
       0.048934914,      0.5944573934,       12.14791945
     0.04904741806,      0.5941776077,       12.11435038
     0.04915362103,      0.5939252794,       12.08304224
     0.04925232232,      0.5936988947,       12.05423149
     0.04934057426,      0.5934841136,       12.02831792
     0.04941681666,      0.5932724363,        12.0054766
     0.04948177938,      0.5930735325,       11.98569534
     0.04953532323,      0.5928815753,       11.96886457
      0.0495793546,      0.5927113422,       11.95480149
     0.04961471999,      0.5925625394,       11.94328094
     0.04964236967,      0.5924310937,       11.93398094
     0.04966292921,      0.5923132926,       11.92666848
     0.04967740548,      0.5922091496,        11.9210966
     0.04968705823,      0.5921184216,       11.91695469
     0.04969262487,      0.5920359853,       11.91396081
     0.04969490982,      0.5919591992,       11.91186786
     0.04969462025,      0.5918857009,       11.91045827
     0.04969239072,      0.5918137267,       11.90954426
     0.04968882969,      0.5917422286,       11.90895886
     0.04968447259,      0.5916702142,       11.90855378
     0.04967975974,      0.5915970729,       11.90821123
     0.04967504367,      0.5915222716,       11.90783597
     0.04967056971,      0.5914454221,       11.90736135
     0.04966650336,      0.5913662157,       11.90674148
     0.04966294667,      0.5912845778,       11.90595036
     0.04965994669,       0.591200596,       11.90497846
     0.04965750752,      0.5911145328,        11.9038301
     0.04965559666,      0.5910267726,       11.90252081
     0.04965416989,       0.590937916,       11.90107331
     0.04965315667,       0.590848489,       11.89951513
     0.04965247792,      0.5907590507,       11.89787651
     0.04965205115,      0.5906701911,       11.89618913
     0.04965180112,       0.590582499,       11.89448289
      0.0496516604,      0.5904965552,       11.89278567
     0.04965157335,      0.5904129251,       11.89112218
     0.04965151155,      0.5903321948,       11.88951104
     0.04965147898,      0.5902550488,       11.88796509
     0.04965143719,      0.5901818558,       11.88650096
     0.04965136181,      0.5901129783,       11.88513178
     0.04965122748,       0.590048624,       11.88386781
     0.04965102778,      0.5899890327,       11.88271541
     0.04965075778,      0.5899343415,       11.88167851
     0.04965041516,      0.5898846529,       11.88075973
     0.04964999397,      0.5898399459,       11.87996007
     0.04964948985,      0.5898001296,       11.87927875
     0.04964889952,      0.5897650522,       11.87871348
     0.04964822082,      0.5897345029,       11.87826055
     0.04964745263,      0.5897082172,        11.8779149
     0.04964659551,      0.5896858994,       11.87767043
     0.04964565245,      0.5896672493,       11.87752039
     0.04964462645,      0.5896519409,        11.8774575
     0.04964351633,      0.5896396116,       11.87747475
     0.04964233478,      0.5896299909,       11.87756365
     0.04964109617,      0.5896228334,       11.87771582
     0.04963981805,      0.5896179119,        11.8779225
     0.04963853589,      0.5896150603,       11.87817186
     0.04963728275,      0.5896141454,        11.8784533
     0.04963605953,      0.5896148912,       11.87876106
     0.04963487203,       0.589617066,       11.87908907
     0.04963373223,      0.5896205025,        11.8794311
     0.04963264628,      0.5896249891,       11.87978142
     0.04963161604,      0.5896303155,       11.88013534
     0.04963064134,      0.5896362996,       11.88048922
      0.0496297218,      0.5896427827,       11.88083998
     0.04962885508,      0.5896496107,       11.88118504
      0.0496280363,       0.589656625,        11.8815224
     0.04962725847,       0.589663671,        11.8818506
     0.04962651383,       0.589670608,       11.88216867
      0.0496257948,       0.589677311,       11.88247591
     0.04962509445,      0.5896836719,       11.88277178
     0.04962440653,      0.5896895988,       11.88305594
     0.04962372577,      0.5896950174,       11.88332815
     0.04962304824,      0.5896998742,       11.88358828
     0.04962237158,      0.5897041368,       11.88383622
     0.04962169504,      0.5897077938,       11.88407194
      0.0496210193,      0.5897108509,       11.88429539
     0.04962034624,      0.5897133286,       11.88450652
     0.04961967858,      0.5897152586,       11.88470533
     0.04961901969,      0.5897166822,       11.88489184
     0.04961837343,      0.5897176456,       11.88506605
     0.04961774378,      0.5897181984,       11.88522802
     0.04961713438,      0.5897183869,       11.88537779
     0.04961654881,       0.589718262,       11.88551554
     0.04961599012,      0.5897178703,       11.88564148
     0.04961546037,      0.5897172506,        11.8857559
     0.04961496091,      0.5897164369,       11.88585915
     0.04961449235,      0.5897154581,       11.88595167
     0.04961405472,      0.5897143381,       11.88603394
     0.04961364751,      0.5897130973,       11.88610648
     0.04961326982,      0.5897117527,       11.88616987
     0.04961292042,       0.589710319,       11.88622468
      0.0496125979,      0.5897088086,        11.8862715
     0.04961230073,      0.5897072327,       11.88631093
     0.04961202735,      0.5897056014,       11.88634355
     0.04961177629,       0.589703925,       11.88636991
      0.0496115462,      0.5897022144,       11.88639056
     0.04961133593,      0.5897004817,       11.88640601
     0.04961114445,      0.5896987394,       11.88641677
     0.04961097082,      0.5896969999,       11.88642331
      0.0496108142,      0.5896952755,       11.88642608
     0.04961067366,      0.5896935781,       11.88642553
     0.04961054829,      0.5896919195,       11.88642214
     0.04961043716,      0.5896903108,       11.88641634
      0.0496103393,      0.5896887614,       11.88640855
     0.04961025363,      0.5896872791,        11.8863992
     0.04961017904,      0.5896858696,       11.88638866
     0.04961011439,      0.5896845367,       11.88637728
     0.04961005857,      0.5896832825,       11.88636538
     0.04961001052,      0.5896821074,        11.8863532
     0.04960996927,      0.5896810113,       11.88634099
     0.04960993399,      0.5896799932,       11.88632892
     0.04960990395,      0.5896790521,       11.88631715
     0.04960987856,      0.5896781861,       11.88630578
     0.04960985735,      0.5896773932,       11.88629488
     0.04960983996,      0.5896766716,        11.8862845
     0.04960982617,      0.5896760197,       11.88627466
     0.04960981579,      0.5896754358,       11.88626538
     0.04960980867,      0.5896749181,       11.88625665
     0.04960980468,      0.5896744648,       11.88624847
     0.04960980365,      0.5896740737,       11.88624083
     0.04960980537,      0.5896737423,       11.88623374
     0.04960980958,      0.5896734678,       11.88622719
       0.049609816,      0.5896732468,        11.8862212
     0.04960982426,      0.5896730756,       11.88621577
     0.04960983398,        0.58967295,       11.88621091
     0.04960984475,      0.5896728656,       11.88620663
     0.04960985614,      0.5896728177,       11.88620294
     0.04960986773,      0.5896728016,       11.88619983
     0.04960987911,      0.5896728123,       11.88619732
     0.04960988992,      0.5896728454,        11.8861954
     0.04960989987,      0.5896728965,       11.88619405
     0.04960990871,      0.5896729616,       11.88619324
     0.04960991624,      0.5896730369,       11.88619296
     0.04960992234,      0.5896731194,       11.88619316
     0.04960992696,      0.5896732061,        11.8861938
     0.04960993009,      0.5896732947,       11.88619483
     0.04960993178,      0.5896733833,       11.88619621
     0.04960993211,      0.5896734703,       11.88619789
      0.0496099312,      0.5896735545,        11.8861998
     0.04960992919,      0.5896736349,       11.88620191
     0.04960992621,      0.5896737109,       11.88620415
     0.04960992243,       0.589673782,       11.88620649
     0.04960991797,      0.5896738479,       11.88620889
     0.04960991298,      0.5896739085,        11.8862113
     0.04960990758,      0.5896739636,       11.88621371
     0.04960990186,      0.5896740134,       11.88621608
     0.04960989593,       0.589674058,        11.8862184
     0.04960988987,      0.5896740976,       11.88622065
     0.04960988375,      0.5896741326,       11.88622283
     0.04960987763,      0.5896741632,       11.88622491
     0.04960987158,      0.5896741898,       11.88622689
     0.04960986565,      0.5896742128,       11.88622878
      0.0496098599,      0.5896742327,       11.88623056
     0.04960985437,      0.5896742499,       11.88623223
     0.04960984911,      0.5896742647,       11.88623379
     0.04960984417,      0.5896742778,       11.88623524
     0.04960983957,      0.5896742894,       11.88623657
     0.04960983536,      0.5896742999,       11.88623779
     0.04960983154,      0.5896743096,        11.8862389
     0.04960982814,      0.5896743188,        11.8862399
     0.04960982514,      0.5896743277,        11.8862408
     0.04960982254,      0.5896743363,        11.8862416
     0.04960982032,      0.5896743447,        11.8862423
     0.04960981845,      0.5896743528,       11.88624291
     0.04960981689,      0.5896743606,       11.88624344
      0.0496098156,      0.5896743679,        11.8862439
     0.04960981455,      0.5896743747,       11.88624429
     0.04960981367,      0.5896743808,       11.88624462
     0.04960981294,       0.589674386,        11.8862449
     0.04960981232,      0.5896743904,       11.88624514
     0.04960981177,      0.5896743937,       11.88624533
     0.04960981127,       0.589674396,        11.8862455
     0.04960981079,      0.5896743973,       11.88624564
     0.04960981033,      0.5896743975,       11.88624576
     0.04960980987,      0.5896743967,       11.88624585
     0.04960980942,      0.5896743951,       11.88624593
     0.04960980897,      0.5896743927,       11.88624599
     0.04960980853,      0.5896743896,       11.88624603
     0.04960980811,       0.589674386,       11.88624606
     0.04960980771,       0.589674382,       11.88624607
     0.04960980734,      0.5896743778,       11.88624607
     0.04960980701,      0.5896743734,       11.88624607
     0.04960980672,       0.589674369,       11.88624605
     0.04960980646,      0.5896743647,       11.88624602
     0.04960980625,      0.5896743606,       11.88624599
     0.04960980607,      0.5896743567,       11.88624595
     0.04960980593,      0.5896743531,       11.88624591
     0.04960980581,      0.5896743498,       11.88624588
     0.04960980572,      0.5896743468,       11.88624584
     0.04960980564,      0.5896743441,        11.8862458
     0.04960980557,      0.5896743417,       11.88624577
     0.04960980551,      0.5896743396,       11.88624574
     0.04960980546,      0.5896743378,       11.88624572
     0.04960980542,      0.5896743363,        11.8862457
     0.04960980538,       0.589674335,       11.88624568
     0.04960980534,      0.5896743341,       11.88624567
     0.04960980531,      0.5896743334,       11.88624567
     0.04960980529,      0.5896743329,       11.88624566
     0.04960980528,      0.5896743328,       11.88624566
     0.04960980528,      0.5896743328,       11.88624566
     0.04960980529,      0.5896743332,       11.88624567
     0.04960980531,      0.5896743338,       11.88624567
     0.04960980534,      0.5896743346,       11.88624568
     0.04960980537,      0.5896743355,        11.8862457
     0.04960980541,      0.5896743367,       11.88624571
     0.04960980545,       0.589674338,       11.88624573
