VARIABLES = \
       "CD"       ,       "CL"       ,      "CEff"      
      0.1286291948,      0.6614300976,       5.142145983
     0.09920386057,        0.72649676,       7.323271049
     0.09693164409,      0.7274271488,       7.504537405
     0.09428208232,      0.7307037453,       7.750186751
     0.09330486802,      0.7329927908,        7.85589012
     0.09297402409,      0.7358137355,       7.914186168
     0.09312583731,      0.7388359585,       7.933737616
     0.09336492094,      0.7405763424,       7.932062009
     0.09372733544,      0.7420596315,       7.917216765
     0.09425272947,      0.7441677676,       7.895450581
     0.09487010002,      0.7467053763,         7.8708189
     0.09550624178,       0.749253286,       7.845071402
     0.09614727442,      0.7517745723,       7.818989949
     0.09681745839,      0.7544909892,       7.792922906
     0.09749869436,      0.7573162566,       7.767450237
     0.09812570937,      0.7598652553,       7.743793754
     0.09870571772,      0.7621034402,        7.72096549
     0.09925818016,      0.7641957249,       7.699070481
     0.09976105611,      0.7659977315,       7.678324202
      0.1002358443,      0.7676542797,       7.658480709
      0.1006996745,      0.7692685566,       7.639235783
      0.1012082137,      0.7711232154,       7.619176219
      0.1017132242,      0.7729603066,       7.599408163
      0.1021678888,      0.7745325009,       7.580977837
      0.1025966406,      0.7760339479,       7.563931365
      0.1029806221,       0.777307809,       7.548097817
      0.1033562894,       0.778555642,       7.532735999
      0.1037079433,      0.7796577358,       7.517820823
      0.1040354607,      0.7806554239,       7.503743617
      0.1043610038,      0.7817107622,        7.49044886
      0.1046455807,      0.7826342364,       7.478903851
      0.1049228872,      0.7835265275,       7.467641696
      0.1051908895,      0.7843847582,       7.456774652
      0.1054368665,      0.7851568575,       7.446701365
      0.1056771832,      0.7859168838,       7.436959051
      0.1059306451,      0.7867452879,       7.426984773
      0.1061649081,      0.7874812753,       7.417528915
      0.1063721303,      0.7881067878,       7.408959333
       0.106563159,       0.788676562,       7.401024609
      0.1067396308,      0.7891904368,       7.393602833
       0.106904445,      0.7896543157,       7.386543334
      0.1070647418,      0.7901081009,       7.379722659
      0.1072132944,      0.7905130715,       7.373274703
      0.1073625067,      0.7909524307,       7.367119631
      0.1075113751,      0.7914138481,       7.361210361
      0.1076525179,      0.7918681436,       7.355779122
      0.1077867464,      0.7923077883,       7.350697694
      0.1079129181,       0.792721033,       7.345932693
      0.1080261102,       0.793069625,       7.341462392
      0.1081247079,      0.7933428918,       7.337295122
      0.1082136447,       0.793574251,       7.333402857
      0.1082969348,      0.7937848473,       7.329707426
      0.1083760846,      0.7939828063,       7.326180951
      0.1084488448,      0.7941562418,       7.322864928
      0.1085153193,      0.7943124636,       7.319818699
      0.1085771021,      0.7944610434,       7.317021987
      0.1086332846,      0.7945951211,       7.314472025
       0.108686691,      0.7947308622,       7.312126763
      0.1087359374,      0.7948562638,       7.309968376
       0.108782443,      0.7949759298,        7.30794334
      0.1088279279,       0.795098304,       7.306013439
      0.1088720432,      0.7952199931,       7.304170745
      0.1089140604,      0.7953369364,       7.302426639
      0.1089525754,      0.7954411235,       7.300801476
      0.1089878756,      0.7955347386,       7.299295763
      0.1090204442,      0.7956191029,        7.29788902
      0.1090498053,      0.7956906576,        7.29658027
      0.1090762668,      0.7957523815,       7.295376025
      0.1091003406,      0.7958076365,       7.294272707
      0.1091219116,      0.7958549051,       7.293263958
      0.1091409945,      0.7958931093,       7.292338803
      0.1091567432,      0.7959189709,       7.291523614
      0.1091707345,      0.7959413418,        7.29079405
      0.1091836818,      0.7959632134,       7.290129807
      0.1091955006,      0.7959830565,        7.28952248
      0.1092060632,      0.7959997011,       7.288969838
      0.1092157419,      0.7960147608,       7.288461779
      0.1092240795,       0.796025824,       7.288006707
      0.1092314647,      0.7960343864,       7.287592349
      0.1092381032,      0.7960415346,       7.287214915
      0.1092439552,      0.7960472437,       7.286876812
      0.1092491008,      0.7960517459,       7.286574807
      0.1092535243,      0.7960546671,       7.286306528
      0.1092573601,      0.7960565947,       7.286068361
      0.1092606284,       0.796057258,       7.285856487
       0.109263405,      0.7960569123,       7.285668171
      0.1092658079,      0.7960561578,       7.285501044
      0.1092679001,      0.7960552293,       7.285353051
      0.1092697021,      0.7960540997,       7.285222566
      0.1092712321,      0.7960527401,        7.28510812
      0.1092725169,      0.7960511825,        7.28500821
      0.1092735846,        0.79604947,       7.284921352
      0.1092744585,      0.7960476239,       7.284846204
      0.1092751563,      0.7960456487,       7.284781606
      0.1092756933,       0.796043543,       7.284726538
      0.1092760844,      0.7960413131,       7.284680063
      0.1092763443,      0.7960389713,       7.284641302
      0.1092764895,       0.796036546,       7.284609431
      0.1092765359,      0.7960340701,       7.284583682
      0.1092764977,      0.7960315709,        7.28456336
      0.1092763868,      0.7960290673,       7.284547837
      0.1092762137,      0.7960265725,       7.284536548
      0.1092759874,      0.7960240972,       7.284528984
      0.1092757163,      0.7960216523,       7.284524679
      0.1092754084,      0.7960192492,       7.284523215
      0.1092750708,      0.7960168989,       7.284524214
      0.1092747099,      0.7960146108,       7.284527333
      0.1092743313,      0.7960123923,        7.28453227
      0.1092739398,      0.7960102487,       7.284538746
      0.1092735398,      0.7960081834,       7.284546513
      0.1092731348,      0.7960061982,       7.284555347
      0.1092727279,      0.7960042941,       7.284565047
      0.1092723218,      0.7960024709,       7.284575434
      0.1092719188,       0.796000728,        7.28458635
      0.1092715208,      0.7959990642,       7.284597654
      0.1092711296,      0.7959974787,       7.284609223
      0.1092707467,      0.7959959704,       7.284620949
      0.1092703733,      0.7959945383,       7.284632735
      0.1092700106,      0.7959931813,       7.284644498
      0.1092696593,      0.7959918977,       7.284656167
      0.1092693203,      0.7959906859,        7.28466768
      0.1092689939,      0.7959895436,       7.284678985
      0.1092686805,      0.7959884685,       7.284690038
      0.1092683804,      0.7959874583,       7.284700803
      0.1092680935,      0.7959865103,       7.284711251
        0.10926782,      0.7959856219,       7.284721359
      0.1092675596,      0.7959847904,       7.284731109
      0.1092673122,      0.7959840133,       7.284740489
      0.1092670776,      0.7959832879,       7.284749491
      0.1092668555,      0.7959826117,       7.284758109
      0.1092666456,      0.7959819823,       7.284766341
      0.1092664476,      0.7959813971,        7.28477419
       0.109266261,      0.7959808537,       7.284781658
      0.1092660854,        0.79598035,       7.284788751
      0.1092659205,      0.7959798835,       7.284795476
      0.1092657659,      0.7959794522,       7.284801841
       0.109265621,       0.795979054,       7.284807855
      0.1092654854,      0.7959786867,        7.28481353
      0.1092653588,      0.7959783485,       7.284818876
      0.1092652407,      0.7959780375,       7.284823905
      0.1092651306,      0.7959777518,       7.284828629
      0.1092650282,      0.7959774899,        7.28483306
       0.109264933,        0.79597725,       7.284837211
      0.1092648447,      0.7959770307,       7.284841094
      0.1092647628,      0.7959768305,       7.284844721
       0.109264687,       0.795976648,       7.284848106
      0.1092646169,      0.7959764819,       7.284851259
      0.1092645522,       0.795976331,       7.284854194
      0.1092644925,      0.7959761942,       7.284856921
      0.1092644375,      0.7959760704,       7.284859452
       0.109264387,      0.7959759586,       7.284861799
      0.1092643405,      0.7959758577,       7.284863971
       0.109264298,       0.795975767,       7.284865978
       0.109264259,      0.7959756857,       7.284867832
      0.1092642234,      0.7959756129,       7.284869541
      0.1092641909,      0.7959755479,       7.284871115
      0.1092641612,        0.79597549,       7.284872562
      0.1092641343,      0.7959754387,        7.28487389
      0.1092641098,      0.7959753934,       7.284875108
      0.1092640876,      0.7959753535,       7.284876223
      0.1092640675,      0.7959753186,       7.284877242
      0.1092640493,      0.7959752881,       7.284878172
       0.109264033,      0.7959752616,       7.284879019
      0.1092640183,      0.7959752388,       7.284879789
      0.1092640052,      0.7959752194,       7.284880489
      0.1092639934,      0.7959752029,       7.284881123
      0.1092639829,       0.795975189,       7.284881696
      0.1092639736,      0.7959751776,       7.284882213
      0.1092639653,      0.7959751682,       7.284882679
       0.109263958,      0.7959751608,       7.284883098
      0.1092639516,       0.795975155,       7.284883473
       0.109263946,      0.7959751508,       7.284883808
      0.1092639411,      0.7959751478,       7.284884107
      0.1092639368,       0.795975146,       7.284884373
      0.1092639332,      0.7959751451,       7.284884608
      0.1092639301,      0.7959751452,       7.284884816
      0.1092639275,       0.795975146,       7.284884998
      0.1092639253,      0.7959751474,       7.284885157
      0.1092639235,      0.7959751493,       7.284885296
       0.109263922,      0.7959751518,       7.284885416
      0.1092639208,      0.7959751545,       7.284885519
      0.1092639199,      0.7959751576,       7.284885607
      0.1092639193,       0.795975161,       7.284885681
      0.1092639188,      0.7959751645,       7.284885742
      0.1092639186,      0.7959751682,       7.284885793
      0.1092639185,      0.7959751719,       7.284885834
      0.1092639185,      0.7959751757,       7.284885867
      0.1092639187,      0.7959751796,       7.284885891
      0.1092639189,      0.7959751835,       7.284885909
      0.1092639193,      0.7959751873,       7.284885921
      0.1092639197,      0.7959751911,       7.284885928
      0.1092639202,      0.7959751948,        7.28488593
      0.1092639207,      0.7959751984,       7.284885928
      0.1092639213,       0.795975202,       7.284885923
      0.1092639219,      0.7959752054,       7.284885914
      0.1092639225,      0.7959752088,       7.284885904
      0.1092639231,       0.795975212,       7.284885891
      0.1092639238,      0.7959752151,       7.284885877
      0.1092639244,      0.7959752181,       7.284885861
