VARIABLES = \
       "CD"       ,       "CL"       ,      "CEff"      
      0.1280942494,      0.1605915224,       1.253698142
     0.06685783406,      0.1664123955,       2.489048558
      0.0629971719,      0.1597711143,       2.536163282
       0.058955585,      0.1552939515,       2.634083802
     0.05691081706,      0.1539602861,       2.705290383
     0.05594418672,       0.154709022,       2.765417303
     0.05563820024,      0.1565174172,       2.813128687
     0.05558752554,      0.1588232915,       2.857175057
     0.05564143289,      0.1611703941,       2.896589568
      0.0557513535,      0.1631040036,       2.925561325
     0.05590034151,      0.1645648712,       2.943897421
     0.05606967579,      0.1657547831,        2.95622867
     0.05623866329,      0.1668598266,       2.966994891
     0.05640077163,      0.1679324366,       2.977484736
     0.05655535508,      0.1689333883,       2.987044959
     0.05670849505,      0.1698666187,       2.995435138
     0.05685072635,      0.1706420384,       3.001580619
     0.05698283099,      0.1713174027,        3.00647405
     0.05711405199,      0.1720118912,       3.011726277
     0.05724337464,      0.1727275797,       3.017424824
     0.05736760834,      0.1734146787,       3.022867499
     0.05748574323,      0.1740539991,       3.027776791
     0.05759749481,      0.1746567424,       3.032366997
     0.05770295528,      0.1752382442,       3.036902414
     0.05780113822,      0.1757874408,       3.041245314
     0.05789299154,      0.1763035825,       3.045335504
     0.05797952866,      0.1767927758,       3.049227544
     0.05806261698,      0.1772814812,       3.053280931
     0.05814158847,      0.1777558384,       3.057292432
     0.05821685143,      0.1782174551,       3.061269216
     0.05828643709,      0.1786523066,       3.065075093
     0.05835000658,      0.1790506158,       3.068562049
     0.05840862219,      0.1794091709,       3.071621349
     0.05846340846,      0.1797307552,       3.074243529
     0.05851435804,      0.1800161353,       3.076443822
     0.05856174399,      0.1802654773,       3.078212243
     0.05860590547,      0.1804831874,       3.079607524
     0.05864644688,      0.1806709435,       3.080680129
     0.05868395476,      0.1808366354,       3.081534573
     0.05871879617,       0.180985848,       3.082247249
     0.05875095496,      0.1811196245,       3.082837115
     0.05878061389,      0.1812417086,       3.083358554
     0.05880751417,      0.1813503939,       3.083796287
     0.05883188801,      0.1814469411,       3.084159752
     0.05885434105,      0.1815368568,       3.084510906
     0.05887484443,      0.1816200425,       3.084849637
     0.05889362073,      0.1816977321,       3.085185286
     0.05891082206,      0.1817706619,       3.085522414
       0.058926655,      0.1818394918,       3.085861429
     0.05894124761,      0.1819046997,       3.086203756
     0.05895475869,      0.1819667532,       3.086549029
     0.05896716206,       0.182024121,       3.086872669
     0.05897846077,      0.1820763173,       3.087166313
     0.05898876315,       0.182123579,       3.087428338
     0.05899815997,      0.1821661989,       3.087658988
     0.05900668874,      0.1822040594,       3.087854331
     0.05901442277,      0.1822376479,       3.088018816
     0.05902143931,      0.1822675958,       3.088159115
     0.05902779171,      0.1822942193,       3.088277809
     0.05903353024,      0.1823175179,       3.088372271
     0.05903875562,      0.1823381982,       3.088449211
     0.05904351093,      0.1823565784,        3.08851177
     0.05904780779,      0.1823726468,       3.088559146
     0.05905168058,      0.1823865771,       3.088592489
     0.05905517015,      0.1823986199,       3.088613909
      0.0590583147,      0.1824090389,       3.088625874
     0.05906114758,      0.1824180767,       3.088630753
     0.05906369783,      0.1824259459,       3.088630624
     0.05906599119,       0.182432831,       3.088627268
     0.05906805071,      0.1824388888,       3.088622134
     0.05906989721,      0.1824442552,       3.088616432
     0.05907154997,      0.1824490335,       3.088610906
     0.05907302631,       0.182453309,       3.088606094
     0.05907434237,      0.1824571451,       3.088602223
      0.0590755133,      0.1824605884,        3.08859929
     0.05907655331,      0.1824636768,       3.088597195
      0.0590774735,      0.1824663882,       3.088594982
      0.0590782899,      0.1824688143,       3.088593367
     0.05907901637,      0.1824710195,       3.088592715
     0.05907965722,      0.1824729902,       3.088592569
     0.05908021974,      0.1824747316,       3.088592635
     0.05908071305,      0.1824762673,       3.088592839
     0.05908114584,      0.1824776259,        3.08859321
     0.05908152549,       0.182478832,       3.088593778
     0.05908185798,      0.1824799038,       3.088594537
     0.05908214823,      0.1824808558,       3.088595476
     0.05908240056,      0.1824817011,       3.088596593
     0.05908261887,      0.1824824521,       3.088597891
      0.0590828068,      0.1824831198,       3.088599369
     0.05908296773,      0.1824837139,       3.088601012
     0.05908310483,      0.1824842427,       3.088602795
     0.05908322099,      0.1824847134,        3.08860469
     0.05908331883,      0.1824851324,       3.088606666
     0.05908340068,       0.182485505,       3.088608694
     0.05908346863,      0.1824858363,       3.088610749
     0.05908352454,      0.1824861307,       3.088612809
     0.05908357007,      0.1824863922,       3.088614855
     0.05908360667,      0.1824866247,       3.088616877
     0.05908363561,      0.1824868317,       3.088618867
     0.05908365802,      0.1824870164,       3.088620821
     0.05908367485,      0.1824871819,       3.088622742
     0.05908368693,       0.182487331,       3.088624635
     0.05908369498,      0.1824874665,       3.088626508
      0.0590836996,      0.1824875907,       3.088628368
     0.05908370134,      0.1824877057,       3.088630224
     0.05908370065,      0.1824878132,        3.08863208
     0.05908369794,      0.1824879147,        3.08863394
     0.05908369356,      0.1824880113,       3.088635802
     0.05908368782,      0.1824881035,       3.088637664
     0.05908368101,       0.182488192,       3.088639517
     0.05908367336,      0.1824882768,       3.088641353
      0.0590836651,      0.1824883583,       3.088643164
     0.05908365641,      0.1824884363,       3.088644938
     0.05908364745,      0.1824885109,       3.088646669
     0.05908363838,      0.1824885822,        3.08864835
     0.05908362931,      0.1824886501,       3.088649974
     0.05908362034,      0.1824887149,       3.088651539
     0.05908361156,      0.1824887766,       3.088653043
     0.05908360301,      0.1824888355,       3.088654486
     0.05908359474,      0.1824888917,        3.08865587
     0.05908358679,      0.1824889455,       3.088657196
     0.05908357918,      0.1824889971,       3.088658467
     0.05908357191,      0.1824890466,       3.088659686
       0.059083565,      0.1824890943,       3.088660854
     0.05908355844,      0.1824891402,       3.088661974
     0.05908355223,      0.1824891845,       3.088663047
     0.05908354636,      0.1824892271,       3.088664076
     0.05908354084,      0.1824892682,        3.08866506
     0.05908353564,      0.1824893078,       3.088666001
     0.05908353077,      0.1824893458,       3.088666899
     0.05908352621,      0.1824893823,       3.088667755
     0.05908352196,      0.1824894172,       3.088668569
       0.059083518,      0.1824894507,       3.088669343
     0.05908351432,      0.1824894827,       3.088670076
     0.05908351092,      0.1824895132,        3.08867077
     0.05908350778,      0.1824895423,       3.088671427
     0.05908350488,        0.18248957,       3.088672047
     0.05908350222,      0.1824895963,       3.088672632
     0.05908349977,      0.1824896214,       3.088673184
     0.05908349753,      0.1824896452,       3.088673705
     0.05908349548,      0.1824896678,       3.088674195
     0.05908349361,      0.1824896894,       3.088674657
      0.0590834919,      0.1824897098,       3.088675092
     0.05908349035,      0.1824897292,       3.088675501
     0.05908348894,      0.1824897476,       3.088675886
     0.05908348765,       0.182489765,       3.088676249
     0.05908348649,      0.1824897815,       3.088676589
     0.05908348544,      0.1824897972,       3.088676909
     0.05908348449,       0.182489812,       3.088677209
     0.05908348363,      0.1824898259,        3.08867749
     0.05908348286,      0.1824898391,       3.088677754
     0.05908348217,      0.1824898516,       3.088678001
     0.05908348156,      0.1824898634,       3.088678232
     0.05908348101,      0.1824898744,       3.088678448
     0.05908348052,      0.1824898849,       3.088678651
     0.05908348008,      0.1824898947,       3.088678839
      0.0590834797,      0.1824899039,       3.088679016
     0.05908347936,      0.1824899126,        3.08867918
     0.05908347907,      0.1824899208,       3.088679333
     0.05908347881,      0.1824899284,       3.088679477
     0.05908347859,      0.1824899356,        3.08867961
      0.0590834784,      0.1824899423,       3.088679734
     0.05908347823,      0.1824899487,        3.08867985
     0.05908347809,      0.1824899546,       3.088679958
