VARIABLES = \
       "CD"       ,       "CL"       ,      "CEff"      
       0.167667861,      0.4377362078,       2.610734133
      0.1201036473,      0.4754677626,       3.958812019
      0.1140712853,       0.479165942,       4.200583353
      0.1103095576,       0.485927843,       4.405129106
      0.1085671872,      0.4905561871,       4.518457185
      0.1076276997,      0.4934249404,       4.584553436
      0.1074385502,      0.4960757226,       4.617297253
      0.1075850969,      0.4986395527,       4.634838533
      0.1079087117,      0.5012412403,       4.645048879
      0.1083972437,      0.5040569095,       4.650089727
      0.1090389087,      0.5071782647,       4.651351254
       0.109762034,      0.5103133299,       4.649269981
      0.1104949081,      0.5131448815,        4.64405908
       0.111225052,      0.5157260729,       4.636779789
      0.1119043531,      0.5179935704,       4.628895624
      0.1125573656,      0.5201036338,       4.620787197
      0.1132157936,      0.5222660713,       4.613014267
      0.1139011901,      0.5246313965,        4.60602208
      0.1145683415,       0.526852793,       4.598589682
      0.1152178889,        0.52887267,       4.590195803
      0.1158098684,       0.530603546,       4.581678172
      0.1163204349,      0.5319607085,        4.57323521
      0.1168010947,      0.5331771609,       4.564830169
       0.117252518,      0.5342671405,       4.556551533
      0.1176428275,      0.5350470916,       4.548063855
      0.1180166214,      0.5357714624,       4.539796651
      0.1183906341,      0.5366336311,       4.532737197
      0.1187726305,      0.5376567257,       4.526772907
      0.1191482803,      0.5386753063,       4.521049778
       0.119505829,      0.5396009274,       4.515268684
      0.1198461328,      0.5404921367,       4.509883834
       0.120159387,       0.541286957,       4.504741333
      0.1204533967,      0.5420365028,         4.4999686
      0.1207309066,      0.5427506488,        4.49554024
      0.1209817889,      0.5433641668,        4.49128891
      0.1212165358,      0.5439149185,       4.487134655
      0.1214462513,      0.5443956301,       4.482605467
      0.1216628135,       0.544787513,       4.477847399
      0.1218549883,      0.5450866479,       4.473240327
      0.1220387222,      0.5454233578,       4.469264738
      0.1222184005,      0.5458270095,       4.465996998
      0.1223900402,      0.5462529487,       4.463214064
      0.1225506811,      0.5466623178,       4.460704037
       0.122706728,       0.547058689,       4.458261562
      0.1228492213,      0.5473928634,       4.455810606
      0.1229763253,      0.5476542134,       4.453330444
      0.1230938309,      0.5478986067,        4.45106471
      0.1232006358,      0.5481120973,       4.448938869
      0.1232994277,        0.54830442,       4.446934022
      0.1233956105,      0.5485022265,       4.445070813
      0.1234893824,      0.5487144329,       4.443413856
      0.1235758423,      0.5489081932,       4.441872967
      0.1236564877,      0.5490824379,         4.4403852
      0.1237317533,      0.5492396369,        4.43895461
      0.1237996041,      0.5493695178,       4.437570877
      0.1238620701,      0.5494877993,        4.43628787
       0.123920168,      0.5496010956,        4.43512226
       0.123973726,      0.5497048145,       4.434042859
       0.124023264,      0.5497959428,       4.433006559
      0.1240682038,      0.5498689106,       4.431988969
      0.1241094161,      0.5499287486,       4.430999402
      0.1241469119,      0.5499791459,       4.430067068
      0.1241809816,      0.5500215777,       4.429193349
      0.1242121792,      0.5500516754,       4.428323204
      0.1242377633,      0.5500555603,       4.427442556
      0.1242597415,      0.5500437513,       4.426564426
      0.1242802287,      0.5500300203,       4.425724235
      0.1242997169,      0.5500184462,       4.424937239
      0.1243175365,      0.5500060667,       4.424203393
      0.1243346071,      0.5499970625,       4.423523549
      0.1243509685,      0.5499915968,       4.422897575
      0.1243662713,      0.5499870923,       4.422317134
      0.1243802952,       0.549981011,       4.421769625
      0.1243930445,       0.549972851,       4.421250827
      0.1244047343,      0.5499640548,       4.420764674
      0.1244153986,      0.5499549303,       4.420312407
       0.124425211,      0.5499464057,       4.419895305
      0.1244342821,      0.5499387411,       4.419511504
       0.124442616,      0.5499315614,       4.419157833
      0.1244502342,      0.5499245472,       4.418830953
      0.1244571383,      0.5499173164,       4.418527726
      0.1244633787,      0.5499099434,        4.41824695
      0.1244690121,      0.5499026002,       4.417987988
      0.1244741077,      0.5498954615,       4.417749775
       0.124478732,      0.5498886521,       4.417530957
      0.1244829352,      0.5498822222,       4.417330145
      0.1244867545,       0.549876166,       4.417145972
      0.1244902194,       0.549870456,       4.416977161
      0.1244933563,      0.5498650626,       4.416822544
      0.1244961904,      0.5498599537,       4.416680958
      0.1244987517,      0.5498551584,       4.416551578
       0.124501067,      0.5498507518,       4.416434051
      0.1245031663,      0.5498467868,       4.416327739
      0.1245050677,      0.5498432154,        4.41623161
      0.1245067824,      0.5498399339,       4.416144432
      0.1245083157,      0.5498368575,       4.416065339
      0.1245096844,      0.5498339908,       4.415993773
      0.1245108944,      0.5498312452,       4.415928805
      0.1245119628,      0.5498286065,        4.41586972
      0.1245129109,      0.5498261296,       4.415816205
      0.1245137526,      0.5498238205,       4.415767808
      0.1245144967,      0.5498216493,       4.415723983
      0.1245151511,      0.5498195897,       4.415684236
       0.124515724,      0.5498176291,       4.415648173
      0.1245162236,       0.549815763,       4.415615467
      0.1245166577,      0.5498139907,       4.415585841
      0.1245170332,      0.5498123126,       4.415559046
      0.1245173567,      0.5498107287,       4.415534856
      0.1245176337,      0.5498092372,       4.415513053
      0.1245178695,      0.5498078351,       4.415493435
      0.1245180686,      0.5498065199,       4.415475813
       0.124518235,      0.5498052872,        4.41546001
      0.1245183727,      0.5498041344,       4.415445868
      0.1245184851,      0.5498030588,       4.415433245
      0.1245185753,       0.549802058,       4.415422008
      0.1245186461,      0.5498011286,       4.415412035
      0.1245186998,       0.549800267,        4.41540321
      0.1245187387,      0.5497994689,       4.415395423
      0.1245187645,      0.5497987299,       4.415388573
       0.124518779,      0.5497980456,       4.415382563
      0.1245187837,      0.5497974123,        4.41537731
        0.12451878,      0.5497968262,       4.415372734
      0.1245187692,      0.5497962843,       4.415368767
      0.1245187523,      0.5497957835,       4.415365344
      0.1245187303,      0.5497953208,       4.415362406
      0.1245187042,      0.5497948934,         4.4153599
      0.1245186747,      0.5497944988,       4.415357778
      0.1245186424,      0.5497941346,       4.415355997
      0.1245186081,      0.5497937984,       4.415354516
      0.1245185721,      0.5497934884,       4.415353302
       0.124518535,      0.5497932025,       4.415352322
      0.1245184971,      0.5497929391,       4.415351549
      0.1245184589,      0.5497926964,       4.415350955
      0.1245184206,       0.549792473,        4.41535052
      0.1245183824,      0.5497922673,       4.415350221
      0.1245183447,      0.5497920781,        4.41535004
      0.1245183074,       0.549791904,       4.415349962
       0.124518271,       0.549791744,       4.415349971
      0.1245182353,       0.549791597,       4.415350054
      0.1245182006,      0.5497914621,         4.4153502
       0.124518167,      0.5497913382,       4.415350398
      0.1245181344,      0.5497912247,        4.41535064
      0.1245181031,      0.5497911206,       4.415350918
      0.1245180728,      0.5497910253,       4.415351223
      0.1245180438,      0.5497909381,       4.415351551
      0.1245180161,      0.5497908584,       4.415351896
      0.1245179895,      0.5497907856,       4.415352253
      0.1245179642,      0.5497907191,       4.415352618
        0.12451794,      0.5497906586,       4.415352988
      0.1245179171,      0.5497906034,       4.415353358
      0.1245178953,      0.5497905532,       4.415353728
      0.1245178746,      0.5497905076,       4.415354095
      0.1245178551,      0.5497904663,       4.415354456
      0.1245178366,      0.5497904288,       4.415354811
      0.1245178191,      0.5497903948,       4.415355158
      0.1245178026,       0.549790364,       4.415355495
      0.1245177871,      0.5497903362,       4.415355823
      0.1245177724,       0.549790311,        4.41535614
      0.1245177587,      0.5497902884,       4.415356445
      0.1245177458,      0.5497902679,       4.415356739
      0.1245177336,      0.5497902495,       4.415357022
      0.1245177223,       0.549790233,       4.415357292
      0.1245177116,      0.5497902181,       4.415357551
      0.1245177016,      0.5497902048,       4.415357798
      0.1245176923,      0.5497901929,       4.415358033
      0.1245176836,      0.5497901823,       4.415358256
      0.1245176755,      0.5497901728,       4.415358469
      0.1245176679,      0.5497901644,        4.41535867
      0.1245176608,      0.5497901569,       4.415358861
      0.1245176542,      0.5497901502,       4.415359041
      0.1245176481,      0.5497901444,       4.415359211
      0.1245176424,      0.5497901392,       4.415359372
      0.1245176371,      0.5497901346,       4.415359524
      0.1245176321,      0.5497901306,       4.415359666
      0.1245176276,      0.5497901272,         4.4153598
      0.1245176233,      0.5497901241,       4.415359926
      0.1245176194,      0.5497901215,       4.415360044
      0.1245176158,      0.5497901192,       4.415360155
      0.1245176124,      0.5497901173,       4.415360259
      0.1245176093,      0.5497901156,       4.415360356
      0.1245176064,      0.5497901142,       4.415360447
      0.1245176037,       0.549790113,       4.415360532
      0.1245176013,      0.5497901121,       4.415360611
       0.124517599,      0.5497901113,       4.415360685
      0.1245175969,      0.5497901106,       4.415360754
       0.124517595,      0.5497901101,       4.415360818
      0.1245175932,      0.5497901097,       4.415360877
      0.1245175916,      0.5497901095,       4.415360933
      0.1245175901,      0.5497901093,       4.415360984
      0.1245175887,      0.5497901091,       4.415361032
      0.1245175875,      0.5497901091,       4.415361076
      0.1245175863,      0.5497901091,       4.415361118
      0.1245175853,      0.5497901092,       4.415361156
      0.1245175843,      0.5497901093,       4.415361191
      0.1245175834,      0.5497901094,       4.415361224
      0.1245175826,      0.5497901095,       4.415361254
      0.1245175818,      0.5497901097,       4.415361282
      0.1245175812,      0.5497901099,       4.415361307
      0.1245175805,      0.5497901101,       4.415361331
        0.12451758,      0.5497901104,       4.415361353
      0.1245175795,      0.5497901106,       4.415361373
