VARIABLES = \
       "CD"       ,       "CL"       ,      "CEff"      
      0.1281737261,      0.8101617986,       6.320810228
      0.1127877342,      0.9091017953,        8.06028955
      0.1104293342,      0.9090253448,       8.231737982
      0.1073276696,      0.9103536867,       8.482003662
      0.1066576086,      0.9165195182,       8.593100202
      0.1067031829,      0.9216478343,       8.637491489
      0.1069893886,      0.9249125428,       8.644899791
      0.1072373277,      0.9267832062,       8.642356409
      0.1074507677,      0.9276647914,       8.633393794
      0.1076765388,      0.9280859876,       8.619203386
       0.107902732,      0.9281406436,        8.60164174
      0.1081157976,      0.9279212392,       8.582660999
      0.1083292687,       0.927564258,       8.562452876
       0.108563595,      0.9271859724,       8.540487009
      0.1088339286,      0.9269033197,       8.516676109
      0.1091269305,      0.9266813116,       8.491774738
      0.1094457167,      0.9265882865,       8.466190498
      0.1097611324,      0.9265158441,       8.441201578
      0.1100585121,      0.9264068705,       8.417403187
      0.1103240706,      0.9261901334,       8.395177299
      0.1106032957,      0.9260669323,       8.372869242
      0.1108746527,      0.9259197797,         8.3510501
      0.1111323146,      0.9257561591,       8.330215762
      0.1113785721,      0.9255793837,       8.310210539
      0.1116228076,      0.9254544064,       8.290907804
      0.1118573323,      0.9253135904,       8.272265856
      0.1120834759,      0.9251916992,       8.254487936
       0.112299422,      0.9250852417,        8.23766699
       0.112524628,      0.9250516956,        8.22088206
      0.1127219657,       0.924948797,       8.205577247
      0.1128883596,      0.9247772696,       8.191963041
      0.1130326309,      0.9245657296,       8.179635583
      0.1131511574,      0.9242874539,       8.168608038
      0.1132502107,      0.9239762457,       8.158715469
      0.1133312517,      0.9236222204,       8.149757519
      0.1133923867,      0.9232330542,       8.141931578
      0.1134472441,      0.9228411864,       8.134540368
      0.1135053397,      0.9224944871,       8.127322377
      0.1135703919,      0.9222091259,       8.120154474
      0.1136413808,      0.9219838314,       8.113099514
      0.1137134425,      0.9217956838,       8.106303559
      0.1137883873,       0.921653451,       8.099714501
      0.1138546496,      0.9215032292,       8.093681132
      0.1139133716,      0.9213461422,       8.088129857
      0.1139606022,      0.9211604904,       8.083148672
      0.1140083111,      0.9210088857,       8.078436361
      0.1140567062,      0.9208850923,        8.07392325
      0.1141031673,      0.9207756207,       8.069676264
      0.1141502886,      0.9206957796,       8.065645656
      0.1141986769,      0.9206472766,       8.061803356
      0.1142459323,       0.920616294,       8.058197568
      0.1142883213,      0.9205838821,       8.054925226
      0.1143241033,      0.9205396458,       8.052017195
      0.1143530699,      0.9204806087,       8.049461282
      0.1143763075,      0.9204098762,       8.047207471
      0.1143944252,      0.9203301367,       8.045235903
      0.1144094621,      0.9202509109,       8.043486036
      0.1144231562,      0.9201788294,       8.041893445
      0.1144362647,      0.9201162405,       8.040425324
       0.114449209,       0.920064299,       8.039062102
      0.1144616176,      0.9200200871,       8.037804344
      0.1144727751,      0.9199794164,       8.036665623
      0.1144822882,      0.9199398266,       8.035651989
      0.1144901388,      0.9199004587,       8.034757127
      0.1144963789,       0.919861036,       8.033974918
      0.1145010639,      0.9198216525,       8.033302234
      0.1145047972,      0.9197847062,       8.032717658
       0.114508077,      0.9197517401,       8.032199683
      0.1145109523,      0.9197222897,       8.031740821
      0.1145135729,      0.9196965266,       8.031332034
      0.1145158962,      0.9196736715,       8.030969513
      0.1145177809,      0.9196526775,       8.030654018
      0.1145191818,      0.9196330718,       8.030384584
      0.1145201467,      0.9196148018,       8.030157387
       0.114520771,      0.9195980394,       8.029967243
      0.1145211603,      0.9195830153,       8.029808749
      0.1145214017,      0.9195698716,       8.029677053
      0.1145215471,      0.9195585807,       8.029568266
      0.1145216039,      0.9195489154,       8.029479888
      0.1145215469,       0.919540525,        8.02941062
      0.1145213436,      0.9195330528,       8.029359627
       0.114520974,      0.9195262265,       8.029325934
      0.1145204412,      0.9195199046,       8.029308085
      0.1145197696,      0.9195140614,       8.029304154
       0.114518995,      0.9195087356,       8.029311957
      0.1145181554,      0.9195039826,       8.029329317
      0.1145172805,      0.9194998232,       8.029354344
      0.1145163874,      0.9194962284,       8.029385569
      0.1145154825,      0.9194931272,       8.029421935
      0.1145145657,      0.9194904302,        8.02946267
      0.1145136356,      0.9194880545,       8.029507141
      0.1145126935,      0.9194859398,       8.029554728
      0.1145117458,      0.9194840578,       8.029604751
      0.1145108008,      0.9194823971,       8.029656508
      0.1145098688,      0.9194809587,         8.0297093
      0.1145089587,      0.9194797421,       8.029762495
      0.1145080765,      0.9194787366,       8.029815579
      0.1145072248,      0.9194779201,       8.029868173
      0.1145064038,      0.9194772636,       8.029920013
      0.1145056124,      0.9194767368,       8.029970911
      0.1145048496,      0.9194763141,       8.030020716
       0.114504115,      0.9194759771,       8.030069286
      0.1145034093,      0.9194757142,       8.030116479
      0.1145027336,      0.9194755186,       8.030162159
       0.114502089,      0.9194753852,       8.030206205
      0.1145014759,      0.9194753084,       8.030248527
      0.1145008945,      0.9194752809,       8.030289066
      0.1145003438,      0.9194752939,       8.030327799
      0.1144998227,       0.919475338,       8.030364729
      0.1144993299,      0.9194754047,       8.030399874
      0.1144988642,      0.9194754872,        8.03043326
      0.1144984244,      0.9194755805,       8.030464918
      0.1144980098,      0.9194756816,       8.030494878
      0.1144976197,      0.9194757884,       8.030523175
      0.1144972532,      0.9194758991,       8.030549847
      0.1144969095,      0.9194760121,        8.03057494
      0.1144965876,      0.9194761256,       8.030598505
      0.1144962865,      0.9194762375,       8.030620602
      0.1144960051,      0.9194763459,       8.030641291
      0.1144957421,      0.9194764494,       8.030660637
      0.1144954967,       0.919476547,       8.030678701
       0.114495268,      0.9194766381,       8.030695544
      0.1144950549,      0.9194767227,       8.030711226
      0.1144948567,      0.9194768006,       8.030725805
      0.1144946727,      0.9194768721,       8.030739338
       0.114494502,      0.9194769371,       8.030751882
      0.1144943437,      0.9194769957,       8.030763492
      0.1144941973,       0.919477048,       8.030774223
      0.1144940618,       0.919477094,       8.030784128
      0.1144939365,      0.9194771338,       8.030793258
       0.114493821,      0.9194771676,       8.030801662
      0.1144937143,      0.9194771959,       8.030809387
      0.1144936161,      0.9194772189,       8.030816476
      0.1144935258,      0.9194772371,       8.030822971
      0.1144934428,      0.9194772507,       8.030828914
      0.1144933666,      0.9194772601,       8.030834342
      0.1144932967,      0.9194772656,       8.030839292
      0.1144932327,      0.9194772676,       8.030843798
      0.1144931741,      0.9194772662,       8.030847893
      0.1144931206,      0.9194772617,       8.030851609
      0.1144930717,      0.9194772545,       8.030854974
      0.1144930271,      0.9194772448,       8.030858016
      0.1144929865,      0.9194772329,        8.03086076
      0.1144929496,       0.919477219,        8.03086323
       0.114492916,      0.9194772034,       8.030865449
      0.1144928856,      0.9194771864,       8.030867437
      0.1144928579,       0.919477168,       8.030869215
      0.1144928329,      0.9194771486,         8.0308708
      0.1144928103,      0.9194771282,       8.030872209
      0.1144927898,      0.9194771071,       8.030873459
      0.1144927714,      0.9194770854,       8.030874563
      0.1144927548,      0.9194770632,       8.030875536
      0.1144927398,      0.9194770407,       8.030876389
      0.1144927263,       0.919477018,       8.030877135
      0.1144927142,      0.9194769953,       8.030877784
      0.1144927034,      0.9194769725,       8.030878345
      0.1144926937,      0.9194769499,       8.030878828
       0.114492685,      0.9194769274,       8.030879241
      0.1144926773,      0.9194769053,       8.030879591
      0.1144926704,      0.9194768834,       8.030879885
      0.1144926642,      0.9194768619,       8.030880129
      0.1144926587,      0.9194768409,        8.03088033
      0.1144926539,      0.9194768203,       8.030880492
      0.1144926495,      0.9194768002,       8.030880619
      0.1144926457,      0.9194767807,       8.030880717
      0.1144926423,      0.9194767617,       8.030880789
      0.1144926393,      0.9194767433,       8.030880838
      0.1144926367,      0.9194767256,       8.030880868
      0.1144926344,      0.9194767084,       8.030880881
      0.1144926323,      0.9194766918,        8.03088088
      0.1144926305,      0.9194766759,       8.030880867
      0.1144926289,      0.9194766605,       8.030880844
      0.1144926276,      0.9194766458,       8.030880813
      0.1144926263,      0.9194766317,       8.030880775
      0.1144926253,      0.9194766183,       8.030880732
      0.1144926243,      0.9194766054,       8.030880684
      0.1144926235,       0.919476593,       8.030880633
      0.1144926228,      0.9194765813,       8.030880581
      0.1144926222,      0.9194765701,       8.030880527
      0.1144926217,      0.9194765595,       8.030880472
      0.1144926212,      0.9194765494,       8.030880417
      0.1144926208,      0.9194765398,       8.030880362
      0.1144926204,      0.9194765307,       8.030880308
      0.1144926201,      0.9194765221,       8.030880256
      0.1144926198,       0.919476514,       8.030880204
      0.1144926196,      0.9194765063,       8.030880155
      0.1144926193,       0.919476499,       8.030880107
      0.1144926191,      0.9194764921,       8.030880061
       0.114492619,      0.9194764857,       8.030880017
      0.1144926188,      0.9194764796,       8.030879975
      0.1144926186,      0.9194764738,       8.030879935
      0.1144926185,      0.9194764684,       8.030879898
