VARIABLES = \
       "CD"       ,       "CL"       ,      "CEff"      
      0.1835917779,      0.6300771148,       3.431946255
      0.1492149327,      0.6833796599,       4.579834253
      0.1472983418,      0.7083197085,       4.808741904
      0.1459899031,      0.7281519706,       4.987687197
      0.1453706365,      0.7371066583,       5.070533334
      0.1442349154,      0.7386430624,        5.12111135
       0.143359641,      0.7381446762,        5.14890154
      0.1431670352,      0.7383514042,       5.157272436
      0.1436578558,      0.7401039812,       5.151851789
      0.1446272918,      0.7432697571,       5.139208154
      0.1457717036,      0.7467506455,       5.122740746
      0.1468446994,       0.749532755,       5.104254752
      0.1477716211,      0.7513326525,       5.084417745
      0.1485347158,      0.7521650153,       5.063900456
      0.1491984942,      0.7523277374,       5.042462001
      0.1497907135,      0.7521455584,        5.02130967
      0.1504246338,      0.7523082662,       5.001230497
      0.1511104275,      0.7529253373,       4.982616684
      0.1518009714,       0.753646101,       4.964698803
      0.1524897904,      0.7543492974,       4.946883954
      0.1531477078,      0.7548828245,       4.929116051
      0.1537485337,      0.7551702225,       4.911723087
      0.1542502741,      0.7551078758,       4.895342198
      0.1546968198,      0.7548789136,         4.8797313
      0.1551966322,      0.7550227067,       4.864942595
      0.1557192012,      0.7553577016,       4.850767895
      0.1562532801,      0.7557875896,       4.836939033
      0.1567139366,      0.7559789299,        4.82394193
      0.1571432518,      0.7561631477,       4.811935218
      0.1575371591,      0.7562553104,       4.800488436
      0.1579099287,      0.7562823531,       4.789327431
      0.1582445146,      0.7561806387,       4.778558299
      0.1585643826,      0.7560957371,       4.768383193
      0.1588880933,      0.7561351168,       4.758916171
      0.1592085312,      0.7562429376,       4.750015165
      0.1595013611,      0.7562799465,       4.741526601
      0.1597544924,        0.75621891,       4.733631579
      0.1599780483,      0.7560831026,       4.726167813
      0.1601949806,      0.7559821403,       4.719137499
      0.1604081696,      0.7559371343,       4.712585002
       0.160611264,      0.7559074907,       4.706441329
      0.1608042933,      0.7558777759,       4.700606932
      0.1609856435,      0.7558404699,       4.695079967
      0.1611491835,      0.7557658378,       4.689852106
      0.1612908776,      0.7556199776,       4.684827739
      0.1614192616,      0.7554445126,       4.680014671
      0.1615447772,      0.7552931741,       4.675441615
      0.1616715752,      0.7551866127,       4.671115575
      0.1617792331,      0.7550462138,       4.667139283
       0.161872584,      0.7548966731,       4.663523954
       0.161959035,      0.7547594335,       4.660187272
      0.1620422622,      0.7546447638,       4.657086081
      0.1621209385,      0.7545446803,       4.654208685
      0.1621950939,      0.7544558144,       4.651532894
      0.1622654183,      0.7543783885,       4.649039805
      0.1623308723,      0.7543048711,       4.646712362
      0.1623922272,      0.7542370972,       4.644539398
      0.1624501259,      0.7541759611,       4.642507704
      0.1625045304,      0.7541215392,       4.640618555
      0.1625555689,      0.7540740351,       4.638869281
      0.1626029132,      0.7540312834,       4.637255684
      0.1626469765,      0.7539944144,       4.635772706
      0.1626884083,      0.7539650747,       4.634411772
        0.16272746,      0.7539424717,       4.633160695
      0.1627642841,      0.7539255104,       4.632008273
      0.1627987991,      0.7539126147,       4.630947026
      0.1628301109,      0.7538995629,       4.629976353
      0.1628590822,       0.753888558,       4.629085143
      0.1628859067,      0.7538793576,        4.62826633
      0.1629100916,      0.7538696214,       4.627519475
      0.1629322069,      0.7538614804,       4.626841402
      0.1629527659,      0.7538560919,       4.626224586
      0.1629717796,      0.7538523871,       4.625662116
      0.1629890995,      0.7538489945,       4.625149761
       0.163004824,      0.7538459029,       4.624684624
      0.1630191599,      0.7538434232,       4.624262716
      0.1630322909,      0.7538419344,       4.623881135
      0.1630443641,      0.7538416737,       4.623537146
      0.1630553801,      0.7538421864,       4.623227924
      0.1630654045,      0.7538432312,       4.622950119
      0.1630745225,      0.7538445267,       4.622699579
      0.1630827906,      0.7538458192,        4.62247314
      0.1630902567,      0.7538469768,       4.622268626
      0.1630969749,       0.753847978,       4.622084368
      0.1631030059,      0.7538488636,       4.621918887
      0.1631084108,      0.7538496857,       4.621770771
      0.1631132625,       0.753850556,       4.621638637
       0.163117595,       0.753851419,       4.621521172
      0.1631214387,      0.7538522112,       4.621417131
      0.1631248357,      0.7538529315,       4.621325307
      0.1631278322,      0.7538536061,       4.621244554
      0.1631304706,      0.7538542609,       4.621173826
      0.1631327884,       0.753854913,       4.621112165
      0.1631348149,      0.7538555559,       4.621058701
      0.1631365772,      0.7538561828,       4.621012626
      0.1631381002,      0.7538567877,       4.620973193
       0.163139408,      0.7538573693,       4.620939714
      0.1631405232,      0.7538579306,       4.620911566
      0.1631414668,      0.7538584752,       4.620888177
      0.1631422574,      0.7538590037,       4.620869023
      0.1631429114,      0.7538595136,       4.620853626
       0.163143443,      0.7538600002,       4.620841552
      0.1631438652,      0.7538604592,       4.620832406
        0.16314419,      0.7538608871,       4.620825831
      0.1631444282,      0.7538612823,       4.620821505
      0.1631445901,      0.7538616438,       4.620819136
      0.1631446846,      0.7538619712,       4.620818465
      0.1631447202,      0.7538622642,       4.620819253
      0.1631447042,      0.7538625227,        4.62082129
      0.1631446436,      0.7538627475,       4.620824385
      0.1631445446,      0.7538629398,       4.620828368
      0.1631444128,      0.7538631011,        4.62083309
      0.1631442534,      0.7538632333,       4.620838415
      0.1631440711,      0.7538633385,       4.620844224
      0.1631438698,      0.7538634183,       4.620850413
      0.1631436534,      0.7538634744,       4.620856888
      0.1631434249,      0.7538635089,       4.620863569
      0.1631431875,      0.7538635235,       4.620870384
      0.1631429436,      0.7538635203,       4.620877271
      0.1631426956,      0.7538635008,       4.620884177
      0.1631424454,      0.7538634668,       4.620891054
      0.1631421949,      0.7538634199,       4.620897865
      0.1631419454,      0.7538633616,       4.620904574
      0.1631416983,      0.7538632934,       4.620911154
      0.1631414548,      0.7538632168,       4.620917582
      0.1631412158,      0.7538631329,       4.620923838
      0.1631409821,       0.753863043,       4.620929906
      0.1631407543,      0.7538629481,       4.620935776
       0.163140533,      0.7538628491,       4.620941438
      0.1631403186,       0.753862747,       4.620946885
      0.1631401114,      0.7538626425,       4.620952113
      0.1631399117,      0.7538625364,        4.62095712
      0.1631397195,      0.7538624293,       4.620961906
       0.163139535,      0.7538623218,       4.620966472
      0.1631393583,      0.7538622142,        4.62097082
      0.1631391892,      0.7538621072,       4.620974954
      0.1631390277,       0.753862001,       4.620978877
      0.1631388737,       0.753861896,       4.620982595
      0.1631387271,      0.7538617925,       4.620986113
      0.1631385877,      0.7538616907,       4.620989438
      0.1631384553,      0.7538615909,       4.620992576
      0.1631383298,      0.7538614933,       4.620995533
      0.1631382109,      0.7538613979,       4.620998318
      0.1631380983,       0.753861305,       4.621000936
      0.1631379919,      0.7538612146,       4.621003395
      0.1631378915,      0.7538611269,       4.621005702
      0.1631377968,      0.7538610418,       4.621007864
      0.1631377075,      0.7538609595,       4.621009888
      0.1631376235,        0.75386088,       4.621011781
      0.1631375444,      0.7538608033,        4.62101355
      0.1631374702,      0.7538607294,       4.621015201
      0.1631374004,      0.7538606583,        4.62101674
      0.1631373351,        0.75386059,       4.621018173
      0.1631372738,      0.7538605245,       4.621019507
      0.1631372164,      0.7538604617,       4.621020748
      0.1631371627,      0.7538604016,         4.6210219
      0.1631371125,      0.7538603441,       4.621022969
      0.1631370657,      0.7538602892,        4.62102396
      0.1631370219,      0.7538602368,       4.621024877
      0.1631369812,      0.7538601869,       4.621025726
      0.1631369432,      0.7538601394,       4.621026511
      0.1631369078,      0.7538600942,       4.621027236
      0.1631368749,      0.7538600512,       4.621027905
      0.1631368443,      0.7538600105,       4.621028521
      0.1631368159,      0.7538599718,       4.621029089
      0.1631367895,      0.7538599351,       4.621029611
      0.1631367651,      0.7538599004,       4.621030091
      0.1631367424,      0.7538598675,       4.621030531
      0.1631367214,      0.7538598364,       4.621030936
       0.163136702,       0.753859807,       4.621031306
       0.163136684,      0.7538597793,       4.621031645
      0.1631366674,      0.7538597531,       4.621031955
      0.1631366521,      0.7538597284,       4.621032238
      0.1631366379,      0.7538597051,       4.621032496
      0.1631366249,      0.7538596832,       4.621032731
      0.1631366128,      0.7538596625,       4.621032946
      0.1631366017,      0.7538596431,        4.62103314
      0.1631365915,      0.7538596248,       4.621033317
      0.1631365822,      0.7538596076,       4.621033478
      0.1631365735,      0.7538595914,       4.621033623
      0.1631365656,      0.7538595762,       4.621033754
      0.1631365583,       0.753859562,       4.621033873
      0.1631365517,      0.7538595486,        4.62103398
      0.1631365455,      0.7538595361,       4.621034076
      0.1631365399,      0.7538595244,       4.621034163
      0.1631365348,      0.7538595133,       4.621034241
      0.1631365301,       0.753859503,        4.62103431
      0.1631365259,      0.7538594934,       4.621034373
      0.1631365219,      0.7538594844,       4.621034428
      0.1631365184,      0.7538594759,       4.621034477
      0.1631365151,      0.7538594681,       4.621034521
      0.1631365122,      0.7538594607,        4.62103456
      0.1631365095,      0.7538594538,       4.621034594
       0.163136507,      0.7538594474,       4.621034624
      0.1631365048,      0.7538594414,       4.621034651
      0.1631365028,      0.7538594358,       4.621034674
      0.1631365009,      0.7538594306,       4.621034694
      0.1631364993,      0.7538594257,       4.621034711
      0.1631364978,      0.7538594212,       4.621034726
      0.1631364964,       0.753859417,       4.621034739
      0.1631364952,      0.7538594131,       4.621034749
      0.1631364941,      0.7538594095,       4.621034758
      0.1631364931,      0.7538594061,       4.621034766
      0.1631364922,      0.7538594029,       4.621034772
      0.1631364914,         0.7538594,       4.621034777
      0.1631364906,      0.7538593973,       4.621034781
        0.16313649,      0.7538593948,       4.621034784
