VARIABLES = \
       "CD"       ,       "CL"       ,      "CEff"      
         0.1851486,      0.6857352391,       3.703701995
      0.1395863345,      0.7564382279,       5.419142431
      0.1329007456,       0.753339297,       5.668435444
      0.1292759226,      0.7579507901,       5.863046844
      0.1277431655,       0.762091408,        5.96580964
       0.127106328,      0.7646918715,        6.01615894
      0.1270106242,      0.7660934833,       6.031727569
      0.1272778341,       0.767380252,       6.029174347
      0.1278439707,       0.769667683,       6.020367475
      0.1285604295,      0.7727360814,       6.010683725
      0.1293755354,      0.7763052578,        6.00040228
      0.1302372944,      0.7800454456,       5.989416852
      0.1311252784,      0.7838432392,       5.977819446
      0.1320115074,      0.7874454889,       5.964976117
      0.1328276852,      0.7904073623,       5.950622126
      0.1336695247,      0.7933909964,       5.935466578
      0.1344561233,       0.795962552,       5.919868375
      0.1351398783,       0.797899516,        5.90424918
      0.1357140949,       0.799265642,       5.889334062
      0.1363680851,      0.8013069148,       5.876059008
      0.1370845728,      0.8037848561,        5.86342314
      0.1377532837,      0.8061218522,       5.851924763
      0.1384545882,      0.8086479266,         5.8405282
       0.139085876,      0.8107003714,       5.828775678
       0.139645632,      0.8123132018,       5.816961049
      0.1402252379,      0.8140263997,       5.805134739
      0.1408115541,      0.8158834223,       5.794151109
      0.1413806106,      0.8178217104,       5.784539386
      0.1418591981,      0.8193192589,       5.775580787
      0.1423161935,      0.8206961205,       5.766709328
      0.1427171832,      0.8217941585,       5.758200519
       0.143098515,      0.8228696342,       5.750371584
      0.1434687122,       0.823968226,       5.743191065
        0.14380035,      0.8249414014,       5.736713445
      0.1441172503,      0.8258698429,       5.730541215
      0.1444199242,      0.8266975231,       5.724262271
      0.1447319258,      0.8276119654,       5.718240537
      0.1450790962,      0.8287892381,       5.712671637
      0.1454118565,      0.8299245941,       5.707406633
      0.1457078722,      0.8309120611,       5.702588669
      0.1459647757,       0.831714612,        5.69805015
      0.1461814322,      0.8322913006,       5.693550051
      0.1463515564,      0.8326026587,       5.689059133
      0.1464991876,      0.8327697855,       5.684466918
      0.1466383578,       0.832897091,       5.679940116
      0.1467734303,      0.8330191151,       5.675544365
       0.146903604,      0.8331553763,       5.671442727
      0.1470311129,      0.8333350239,       5.667746149
      0.1471732017,      0.8336526962,       5.664432699
       0.147333057,      0.8341245687,       5.661489592
      0.1475035365,      0.8346957184,       5.658818344
      0.1476783986,      0.8353228451,       5.656364458
      0.1478405577,      0.8359051354,       5.654098904
      0.1479827446,      0.8363882776,       5.651931109
      0.1480996307,      0.8367331912,       5.649799309
      0.1481978471,      0.8369870852,        5.64776818
      0.1482814213,      0.8371684526,       5.645808121
      0.1483450211,      0.8372481692,       5.643924973
      0.1484026452,      0.8373053096,         5.6421185
      0.1484577199,      0.8373595584,       5.640390807
      0.1485129083,      0.8374299292,       5.638768636
      0.1485671159,      0.8375061627,       5.637224347
      0.1486211148,       0.837593023,       5.635760601
      0.1486728407,      0.8376844672,        5.63441489
       0.148721911,      0.8377775314,       5.633181592
      0.1487681097,       0.837867492,       5.632036957
      0.1488114839,      0.8379507571,       5.630954917
      0.1488522224,      0.8380277214,       5.629930866
      0.1488901376,      0.8380975414,        5.62896613
      0.1489251372,      0.8381583425,       5.628051504
      0.1489591152,      0.8382228437,       5.627200743
      0.1489935731,      0.8382979258,       5.626403261
        0.14903018,      0.8383952802,        5.62567448
      0.1490676651,      0.8385060195,       5.625002706
      0.1491043499,      0.8386198067,       5.624381898
      0.1491386781,      0.8387260954,       5.623799983
      0.1491704836,      0.8388222526,       5.623245513
       0.149199635,      0.8389074495,       5.622717841
      0.1492266044,      0.8389844256,       5.622217491
      0.1492513573,      0.8390532865,       5.621746441
      0.1492740438,      0.8391145109,       5.621302201
      0.1492955085,      0.8391727578,       5.620884153
      0.1493156459,      0.8392272095,       5.620490768
      0.1493339846,      0.8392754025,       5.620123273
      0.1493504544,      0.8393152739,       5.619770473
      0.1493651249,      0.8393465036,        5.61942759
      0.1493780879,      0.8393695272,       5.619094064
      0.1493900386,      0.8393891376,       5.618775826
      0.1494011449,      0.8394063812,       5.618473553
      0.1494116883,      0.8394233296,       5.618190511
      0.1494217939,      0.8394409149,       5.617928235
      0.1494313983,      0.8394587368,        5.61768642
      0.1494404698,      0.8394763908,       5.617463541
      0.1494489993,      0.8394935893,       5.617258018
       0.149456981,      0.8395100656,        5.61706827
      0.1494644259,      0.8395256785,       5.616892939
      0.1494712586,      0.8395396813,       5.616729858
       0.149477597,      0.8395526319,       5.616578328
      0.1494834832,      0.8395646475,       5.616437544
      0.1494889269,      0.8395756798,        5.61630682
      0.1494939513,      0.8395857579,       5.616185477
       0.149498555,      0.8395947412,       5.616072619
      0.1495027457,       0.839602549,       5.615967421
      0.1495065589,      0.8396092907,       5.615869277
      0.1495100426,      0.8396151722,        5.61577776
      0.1495132427,      0.8396203991,       5.615692524
      0.1495161948,      0.8396251332,       5.615613307
      0.1495189109,      0.8396293889,       5.615539758
      0.1495214008,      0.8396331698,       5.615471533
      0.1495236762,      0.8396364954,       5.615408321
       0.149525749,      0.8396393876,       5.615349819
      0.1495276334,      0.8396418817,       5.615295733
      0.1495293432,      0.8396440139,       5.615245784
      0.1495308934,      0.8396458271,       5.615199694
      0.1495322989,      0.8396473646,         5.6151572
       0.149533573,       0.839648665,        5.61511805
      0.1495347277,      0.8396497592,       5.615082011
      0.1495357731,      0.8396506725,       5.615048862
      0.1495367174,      0.8396514184,       5.615018391
      0.1495375684,       0.839652011,       5.614990399
      0.1495383344,      0.8396524698,       5.614964706
      0.1495390232,       0.839652814,       5.614941144
      0.1495396421,      0.8396530618,       5.614919561
      0.1495401953,      0.8396532183,       5.614899838
      0.1495406899,      0.8396533019,       5.614881826
       0.149541132,      0.8396533265,       5.614865389
      0.1495415264,      0.8396533005,       5.614850407
      0.1495418771,      0.8396532301,       5.614836768
      0.1495421879,      0.8396531209,       5.614824369
      0.1495424623,      0.8396529784,       5.614813113
      0.1495427037,       0.839652808,       5.614802911
      0.1495429151,      0.8396526148,       5.614793683
      0.1495430993,      0.8396524035,       5.614785351
       0.149543259,      0.8396521779,       5.614777846
      0.1495433966,      0.8396519413,       5.614771101
       0.149543514,      0.8396516963,       5.614765053
      0.1495436133,      0.8396514452,       5.614759644
      0.1495436964,      0.8396511903,        5.61475482
       0.149543765,      0.8396509335,        5.61475053
      0.1495438205,      0.8396506769,       5.614746727
      0.1495438646,      0.8396504221,       5.614743367
      0.1495438985,      0.8396501704,       5.614740411
      0.1495439234,      0.8396499229,       5.614737822
      0.1495439403,      0.8396496805,       5.614735566
      0.1495439502,      0.8396494436,        5.61473361
      0.1495439539,      0.8396492128,       5.614731928
      0.1495439522,      0.8396489884,       5.614730492
      0.1495439458,      0.8396487708,       5.614729278
      0.1495439352,      0.8396485601,       5.614728265
      0.1495439212,      0.8396483565,       5.614727432
      0.1495439041,      0.8396481602,       5.614726761
      0.1495438844,      0.8396479711,       5.614726235
      0.1495438626,      0.8396477894,       5.614725838
      0.1495438391,      0.8396476149,       5.614725556
      0.1495438141,      0.8396474477,       5.614725376
      0.1495437879,      0.8396472875,       5.614725286
      0.1495437609,      0.8396471344,       5.614725276
      0.1495437333,      0.8396469881,       5.614725335
      0.1495437053,      0.8396468485,       5.614725455
       0.149543677,      0.8396467155,       5.614725626
      0.1495436487,      0.8396465889,       5.614725843
      0.1495436205,      0.8396464685,       5.614726097
      0.1495435925,       0.839646354,       5.614726383
      0.1495435648,      0.8396462453,       5.614726696
      0.1495435375,      0.8396461422,        5.61472703
      0.1495435107,      0.8396460444,       5.614727381
      0.1495434845,      0.8396459518,       5.614727746
      0.1495434589,      0.8396458642,       5.614728121
       0.149543434,      0.8396457813,       5.614728503
      0.1495434098,      0.8396457029,       5.614728889
      0.1495433862,      0.8396456289,       5.614729277
      0.1495433635,      0.8396455591,       5.614729665
      0.1495433415,      0.8396454932,       5.614730051
      0.1495433202,      0.8396454311,       5.614730434
      0.1495432997,      0.8396453726,       5.614730811
        0.14954328,      0.8396453175,       5.614731183
      0.1495432611,      0.8396452657,       5.614731547
      0.1495432429,       0.839645217,       5.614731904
      0.1495432255,      0.8396451713,       5.614732252
      0.1495432088,      0.8396451283,        5.61473259
      0.1495431929,      0.8396450879,        5.61473292
      0.1495431776,      0.8396450501,       5.614733239
      0.1495431631,      0.8396450146,       5.614733548
      0.1495431492,      0.8396449813,       5.614733847
       0.149543136,      0.8396449502,       5.614734135
      0.1495431234,       0.839644921,       5.614734412
      0.1495431114,      0.8396448937,       5.614734679
         0.1495431,      0.8396448682,       5.614734936
      0.1495430892,      0.8396448443,       5.614735182
       0.149543079,       0.839644822,       5.614735418
      0.1495430693,      0.8396448012,       5.614735644
        0.14954306,      0.8396447818,        5.61473586
      0.1495430513,      0.8396447637,       5.614736066
      0.1495430431,      0.8396447468,       5.614736263
      0.1495430353,      0.8396447311,       5.614736451
      0.1495430279,      0.8396447164,        5.61473663
      0.1495430209,      0.8396447028,         5.6147368
      0.1495430144,      0.8396446901,       5.614736962
      0.1495430082,      0.8396446783,       5.614737116
      0.1495430023,      0.8396446674,       5.614737262
      0.1495429968,      0.8396446572,       5.614737401
      0.1495429916,      0.8396446477,       5.614737532
      0.1495429867,      0.8396446389,       5.614737657
      0.1495429821,      0.8396446308,       5.614737775
      0.1495429778,      0.8396446233,       5.614737886
      0.1495429738,      0.8396446163,       5.614737992
        0.14954297,      0.8396446098,       5.614738092
      0.1495429664,      0.8396446039,       5.614738186
       0.149542963,      0.8396445983,       5.614738275
      0.1495429599,      0.8396445932,       5.614738359
       0.149542957,      0.8396445885,       5.614738438
      0.1495429542,      0.8396445842,       5.614738512
      0.1495429516,      0.8396445802,       5.614738582
      0.1495429492,      0.8396445765,       5.614738648
       0.149542947,      0.8396445731,        5.61473871
      0.1495429448,        0.83964457,       5.614738769
      0.1495429429,      0.8396445671,       5.614738823
       0.149542941,      0.8396445645,       5.614738875
      0.1495429393,      0.8396445621,       5.614738923
      0.1495429377,      0.8396445599,       5.614738968
      0.1495429362,      0.8396445579,       5.614739011
      0.1495429349,       0.839644556,        5.61473905
      0.1495429336,      0.8396445543,       5.614739088
      0.1495429324,      0.8396445528,       5.614739122
      0.1495429312,      0.8396445514,       5.614739155
      0.1495429302,      0.8396445501,       5.614739185
      0.1495429292,       0.839644549,       5.614739214
      0.1495429284,      0.8396445479,        5.61473924
      0.1495429275,       0.839644547,       5.614739265
      0.1495429268,      0.8396445461,       5.614739288
      0.1495429261,      0.8396445453,       5.614739309
      0.1495429254,      0.8396445446,       5.614739329
      0.1495429248,       0.839644544,       5.614739348
      0.1495429242,      0.8396445435,       5.614739365
      0.1495429237,       0.839644543,       5.614739382
      0.1495429232,      0.8396445425,       5.614739396
