VARIABLES = \
       "CD"       ,       "CL"       ,      "CEff"      
      0.1414974651,      0.6928521569,       4.896569394
      0.1097293795,      0.8022808599,       7.311449891
      0.1059188785,      0.8021086808,       7.572858511
      0.1020011439,      0.7967912978,       7.811591784
       0.100657731,      0.7989898963,       7.937690315
      0.1001758252,      0.8032216828,       8.018118958
       0.100252701,      0.8082382949,       8.062010166
      0.1005882514,      0.8129318821,       8.081777654
      0.1010790245,      0.8172373661,       8.085133092
      0.1016704441,      0.8214508795,       8.079544517
      0.1022631571,      0.8251664925,       8.069049655
      0.1028350856,      0.8282617404,       8.054271904
      0.1034719782,      0.8314606308,       8.035611625
      0.1043004094,      0.8357884202,       8.013280341
      0.1052393788,      0.8408155381,       7.989552463
      0.1061820492,      0.8457887427,       7.965458846
      0.1070857375,      0.8503915183,         7.9412211
       0.107937558,       0.854516227,       7.916764496
      0.1086713207,      0.8576981389,       7.892589631
       0.109161154,      0.8591177519,       7.870178357
      0.1095173003,      0.8595432245,       7.848469806
      0.1099871197,      0.8606676565,         7.8251677
      0.1106019654,      0.8628837926,       7.801703973
      0.1112373054,      0.8654407804,       7.780130751
      0.1118525612,      0.8678248642,       7.758649913
      0.1124330111,       0.870045026,       7.738341415
      0.1130771451,      0.8727155989,       7.717877897
      0.1137961125,      0.8759187645,       7.697264389
      0.1145476196,      0.8794110485,       7.677252934
      0.1152517621,      0.8827058501,       7.658935831
      0.1158154741,      0.8850972902,       7.642305978
       0.116253598,      0.8866254107,       7.626649206
      0.1166646954,      0.8879599283,       7.611213702
      0.1170500308,      0.8891039983,       7.595931346
      0.1173470648,      0.8896621807,       7.581460875
      0.1175404583,       0.889559698,       7.568114935
      0.1176003726,      0.8885880975,       7.555997295
      0.1176392345,      0.8875223296,       7.544441555
      0.1177584429,      0.8870966841,       7.533189659
      0.1179436535,      0.8871331133,       7.521668926
      0.1181836884,      0.8876194631,       7.510507375
      0.1184814761,      0.8885671585,       7.499629375
      0.1188092485,      0.8897482029,       7.488879985
      0.1191444289,      0.8910397616,       7.478652336
      0.1194707007,      0.8923356054,       7.469074843
      0.1197873635,      0.8935869336,       7.459776285
      0.1200886036,      0.8947549337,       7.450789727
      0.1203439547,      0.8956662765,        7.44255313
      0.1205349373,       0.896194465,       7.435142751
      0.1206941492,      0.8965687612,       7.428435984
      0.1208394292,      0.8968792292,        7.42207436
      0.1209391642,      0.8969288504,       7.416363891
       0.120977835,      0.8966058672,       7.411323466
      0.1210031498,      0.8962286788,       7.406655777
      0.1210107448,      0.8957610206,       7.402326315
      0.1210110878,      0.8952732822,       7.398274808
      0.1210229834,      0.8948849288,       7.394338692
      0.1210499062,      0.8946155172,       7.390468491
      0.1210893611,       0.894455858,       7.386741904
      0.1211376896,      0.8943834085,       7.383196851
      0.1211934155,       0.894386733,       7.379829418
      0.1212565664,       0.894462513,       7.376610928
      0.1213258062,      0.8945991559,       7.373527397
       0.121396814,       0.894768346,       7.370608145
       0.121463499,       0.894930045,       7.367892845
      0.1215237242,      0.8950736531,        7.36542316
      0.1215744695,      0.8951767796,       7.363197085
       0.121617131,      0.8952435978,       7.361163602
      0.1216543077,      0.8952948745,       7.359335573
      0.1216865927,       0.895331456,       7.357683669
      0.1217115335,      0.8953334631,       7.356192444
      0.1217242331,      0.8952787953,       7.354975852
      0.1217280376,      0.8951851075,       7.353976335
      0.1217279365,      0.8950794964,       7.353114843
      0.1217285475,      0.8949891406,       7.352335657
      0.1217311483,      0.8949201444,       7.351611785
      0.1217352776,      0.8948679993,       7.350934067
      0.1217401686,       0.894828195,       7.350311775
      0.1217461101,      0.8948026867,       7.349743546
      0.1217536989,      0.8947947747,       7.349220455
      0.1217628184,      0.8948030384,       7.348737898
      0.1217722551,      0.8948191866,       7.348301019
      0.1217803813,      0.8948325319,       7.347920268
      0.1217861612,       0.894836364,       7.347603003
      0.1217897164,      0.8948314659,       7.347348301
      0.1217915419,      0.8948203029,       7.347146514
      0.1217918307,      0.8948027043,       7.346984598
      0.1217908119,      0.8947795093,       7.346855609
      0.1217887043,      0.8947521504,       7.346758103
      0.1217858732,      0.8947231222,       7.346690538
       0.121782692,      0.8946946613,       7.346648747
      0.1217793993,      0.8946680068,       7.346628508
       0.121776132,      0.8946437754,        7.34662664
      0.1217729842,      0.8946223266,       7.346640412
      0.1217700339,      0.8946039005,        7.34666709
      0.1217673306,      0.8945885416,       7.346704058
       0.121764881,      0.8945760394,       7.346749181
      0.1217626427,      0.8945659057,       7.346801006
      0.1217605553,      0.8945575833,       7.346858604
      0.1217585614,      0.8945505688,       7.346921302
      0.1217566202,      0.8945444909,       7.346988519
      0.1217547042,      0.8945390769,       7.347059667
      0.1217527919,       0.894534101,       7.347134198
      0.1217508657,      0.8945293723,       7.347211599
      0.1217489145,      0.8945247471,       7.347291359
       0.121746939,      0.8945201611,       7.347372904
      0.1217449532,       0.894515634,       7.347455564
      0.1217429795,      0.8945112422,       7.347538608
      0.1217410412,       0.894507071,       7.347621331
      0.1217391589,      0.8945031988,       7.347703127
      0.1217373582,      0.8944997402,       7.347783402
      0.1217356492,      0.8944967008,       7.347861589
      0.1217340606,      0.8944942404,       7.347937264
      0.1217325992,      0.8944924562,       7.348010822
      0.1217311898,      0.8944907195,       7.348081629
       0.121729807,      0.8944888379,       7.348149644
      0.1217284625,      0.8944869359,       7.348215179
      0.1217271745,      0.8944851397,       7.348278178
       0.121725941,      0.8944834227,       7.348338533
       0.121724749,      0.8944817007,       7.348396344
      0.1217235921,      0.8944799415,       7.348451737
      0.1217224585,      0.8944780393,       7.348504544
      0.1217214067,      0.8944763988,       7.348554565
      0.1217204492,      0.8944751161,       7.348601835
      0.1217195672,      0.8944740397,       7.348646238
       0.121718764,      0.8944732077,       7.348687898
       0.121718038,      0.8944726238,       7.348726929
      0.1217173664,      0.8944721356,        7.34876347
      0.1217167623,      0.8944718753,       7.348797804
       0.121716236,      0.8944718993,       7.348829776
      0.1217158058,      0.8944723167,       7.348859182
      0.1217154738,      0.8944731447,       7.348886027
      0.1217152223,      0.8944742784,       7.348910527
      0.1217150283,      0.8944755864,       7.348932987
      0.1217148751,      0.8944769773,       7.348953664
       0.121714753,      0.8944783991,       7.348972719
      0.1217146542,      0.8944798096,        7.34899027
      0.1217145702,        0.89448116,       7.349006436
      0.1217144926,      0.8944824041,       7.349021348
      0.1217144159,      0.8944835164,       7.349035117
      0.1217143395,      0.8944845003,       7.349047814
      0.1217142657,      0.8944853781,       7.349059477
      0.1217141978,      0.8944861758,       7.349070134
      0.1217141374,      0.8944869116,       7.349079826
      0.1217140851,      0.8944875961,       7.349088606
       0.121714041,      0.8944882364,       7.349096529
      0.1217140051,      0.8944888391,        7.34910365
      0.1217139774,        0.89448941,       7.349110014
      0.1217139575,      0.8944899526,        7.34911567
      0.1217139449,      0.8944904678,       7.349120664
      0.1217139386,      0.8944909547,       7.349125049
      0.1217139375,      0.8944914123,       7.349128876
      0.1217139408,      0.8944918408,       7.349132192
       0.121713948,      0.8944922408,       7.349135043
      0.1217139585,      0.8944926131,       7.349137473
      0.1217139714,       0.894492958,       7.349139523
      0.1217139864,      0.8944932759,       7.349141232
      0.1217140028,      0.8944935671,       7.349142636
      0.1217140202,      0.8944938328,       7.349143766
      0.1217140385,      0.8944940745,        7.34914465
      0.1217140574,      0.8944942943,       7.349145312
      0.1217140769,      0.8944944942,       7.349145776
      0.1217140969,      0.8944946762,       7.349146062
      0.1217141175,      0.8944948423,       7.349146188
      0.1217141384,      0.8944949943,       7.349146173
      0.1217141597,      0.8944951337,       7.349146033
      0.1217141812,      0.8944952615,       7.349145784
      0.1217142028,      0.8944953784,       7.349145442
      0.1217142242,      0.8944954847,       7.349145021
      0.1217142453,      0.8944955808,       7.349144533
       0.121714266,      0.8944956668,       7.349143992
       0.121714286,       0.894495743,       7.349143408
      0.1217143054,      0.8944958098,       7.349142791
      0.1217143239,      0.8944958678,       7.349142148
      0.1217143416,      0.8944959175,       7.349141488
      0.1217143585,      0.8944959596,       7.349140816
      0.1217143745,       0.894495995,       7.349140139
      0.1217143897,      0.8944960244,       7.349139461
      0.1217144042,      0.8944960484,       7.349138786
      0.1217144179,      0.8944960677,       7.349138117
      0.1217144308,       0.894496083,       7.349137459
      0.1217144431,      0.8944960946,       7.349136813
      0.1217144547,      0.8944961031,       7.349136182
      0.1217144657,      0.8944961088,       7.349135568
       0.121714476,      0.8944961121,       7.349134972
      0.1217144857,      0.8944961131,       7.349134396
      0.1217144948,      0.8944961123,        7.34913384
      0.1217145033,      0.8944961098,       7.349133306
      0.1217145112,      0.8944961058,       7.349132794
      0.1217145186,      0.8944961005,       7.349132304
      0.1217145254,       0.894496094,       7.349131837
      0.1217145318,      0.8944960866,       7.349131393
      0.1217145377,      0.8944960784,       7.349130971
      0.1217145431,      0.8944960695,       7.349130571
      0.1217145481,        0.89449606,       7.349130192
      0.1217145526,      0.8944960502,       7.349129836
      0.1217145568,        0.89449604,         7.3491295
      0.1217145606,      0.8944960297,       7.349129184
      0.1217145641,      0.8944960193,       7.349128888
      0.1217145673,      0.8944960089,       7.349128612
      0.1217145702,      0.8944959985,       7.349128353
      0.1217145728,      0.8944959883,       7.349128112
      0.1217145751,      0.8944959783,       7.349127888
      0.1217145772,      0.8944959684,        7.34912768
      0.1217145791,      0.8944959589,       7.349127488
      0.1217145808,      0.8944959496,        7.34912731
      0.1217145823,      0.8944959405,       7.349127146
      0.1217145836,      0.8944959318,       7.349126996
      0.1217145847,      0.8944959234,       7.349126857
      0.1217145857,      0.8944959153,        7.34912673
      0.1217145866,      0.8944959076,       7.349126615
      0.1217145873,      0.8944959002,       7.349126509
      0.1217145879,      0.8944958932,       7.349126413
      0.1217145885,      0.8944958865,       7.349126327
      0.1217145889,      0.8944958801,       7.349126248
      0.1217145893,      0.8944958741,       7.349126178
      0.1217145895,      0.8944958685,       7.349126114
      0.1217145898,      0.8944958632,       7.349126057
      0.1217145899,      0.8944958582,       7.349126007
        0.12171459,      0.8944958535,       7.349125962
      0.1217145901,      0.8944958491,       7.349125923
      0.1217145901,      0.8944958451,       7.349125888
      0.1217145901,      0.8944958413,       7.349125858
