VARIABLES = \
       "CD"       ,       "CL"       ,      "CEff"      
      0.1237728421,      0.4019309931,       3.247327816
     0.08978083799,      0.4281693972,       4.769051022
     0.08630168992,      0.4236869409,       4.909370156
     0.08310850162,      0.4244463042,         5.1071346
     0.08179888685,      0.4259360647,       5.207113215
     0.08095926643,      0.4273138168,       5.278133506
     0.08061086801,      0.4285665975,       5.316486574
     0.08061996343,       0.429763772,        5.33073638
     0.08086234116,      0.4310617347,       5.330809478
     0.08122213665,      0.4325017379,       5.324924408
     0.08161447542,      0.4339986433,       5.317667497
     0.08200717178,      0.4354458104,       5.309850358
     0.08240219453,      0.4368399356,       5.301314341
     0.08279174181,       0.438141424,       5.292090907
     0.08316607811,      0.4393354905,       5.282628452
     0.08351361881,      0.4403953134,       5.273335292
     0.08383133952,      0.4412732623,       5.263822155
     0.08412336711,      0.4419998537,       5.254186428
     0.08438574919,      0.4425535578,       5.244411077
     0.08463507711,      0.4430395034,       5.234703134
     0.08488730186,      0.4435510332,       5.225175303
     0.08513955683,      0.4440714392,       5.215806327
     0.08537465406,      0.4445241208,       5.206745793
     0.08559047356,       0.444905058,       5.198067489
     0.08578324901,      0.4452203888,       5.190062092
     0.08594697334,      0.4454408125,       5.182739952
     0.08609856722,      0.4456409311,        5.17593899
     0.08625022756,      0.4458569851,        5.16934271
     0.08639773379,      0.4460806198,       5.163105561
     0.08653755037,      0.4462978095,       5.157273433
     0.08666716306,      0.4465105088,       5.152014823
     0.08678899568,      0.4467337348,       5.147354584
     0.08689840309,      0.4469484218,        5.14334448
     0.08699666494,      0.4471262759,       5.139579502
     0.08708678671,      0.4472763301,        5.13598385
     0.08716849375,      0.4474024253,       5.132616225
     0.08724437527,      0.4475174166,       5.129470126
     0.08731541451,      0.4476253095,       5.126532492
     0.08738054379,      0.4477244294,       5.123845767
     0.08743774092,      0.4478001846,       5.121360409
     0.08748782962,      0.4478596225,       5.119107702
     0.08753261636,      0.4479110001,       5.117075426
     0.08757347058,      0.4479601439,       5.115249412
     0.08760944047,      0.4480025612,       5.113633403
     0.08764453865,      0.4480475545,       5.112098955
     0.08767977475,      0.4481016863,       5.110661924
     0.08771474968,      0.4481639401,       5.109333855
     0.08774854816,        0.44822904,       5.108107762
     0.08778023235,      0.4482929396,       5.106991946
     0.08780961287,      0.4483514812,       5.105949867
     0.08783660983,      0.4484047947,       5.104987495
     0.08786119107,      0.4484527972,       5.104105597
      0.0878835056,      0.4484954922,       5.103295427
     0.08790444288,      0.4485333674,        5.10251078
     0.08792311058,      0.4485647052,       5.101783846
     0.08793968471,      0.4485911266,       5.101122753
     0.08795449482,      0.4486127388,       5.100509527
      0.0879674738,      0.4486299005,       5.099952075
     0.08797873056,      0.4486422545,       5.099439963
     0.08798839616,      0.4486494811,       5.098961916
     0.08799684517,      0.4486533643,       5.098516469
     0.08800417897,      0.4486544754,       5.098104211
     0.08801047901,       0.448653369,       5.097726702
     0.08801576875,      0.4486504346,       5.097386991
     0.08802033117,      0.4486461677,       5.097074297
      0.0880242374,      0.4486406337,       5.096785238
     0.08802758248,      0.4486342638,       5.096519196
     0.08803045491,      0.4486272107,       5.096272775
      0.0880328992,      0.4486195087,       5.096043784
      0.0880349416,      0.4486111967,       5.095831139
     0.08803660292,       0.448602331,       5.095634271
     0.08803790938,       0.448592997,       5.095452631
      0.0880388945,      0.4485833004,       5.095285475
     0.08803959674,      0.4485733642,       5.095131973
     0.08804005613,      0.4485633182,       5.094991279
      0.0880403115,      0.4485532862,       5.094862553
     0.08804039856,      0.4485433788,       5.094744982
     0.08804034859,      0.4485336878,       5.094637799
     0.08804018784,      0.4485242816,       5.094540262
     0.08803993771,      0.4485152061,       5.094451652
      0.0880396154,      0.4485064884,       5.094371283
     0.08803923488,      0.4484981423,       5.094298501
      0.0880388077,      0.4484901721,       5.094232689
     0.08803834358,      0.4484825758,       5.094173262
     0.08803785094,      0.4484753482,       5.094119671
     0.08803733721,      0.4484684819,       5.094071404
     0.08803680897,      0.4484619689,       5.094027989
     0.08803627203,      0.4484558004,        5.09398899
      0.0880357315,      0.4484499672,       5.093954007
     0.08803519184,        0.44844446,       5.093922676
     0.08803465693,      0.4484392691,       5.093894663
     0.08803413008,      0.4484343845,       5.093869663
     0.08803361404,      0.4484297957,       5.093847397
     0.08803311113,      0.4484254919,       5.093827608
     0.08803262318,      0.4484214617,       5.093810061
     0.08803215167,      0.4484176934,       5.093794538
     0.08803169773,      0.4484141752,        5.09378084
     0.08803126215,       0.448410895,       5.093768783
     0.08803084546,      0.4484078408,       5.093758199
     0.08803044796,      0.4484050005,       5.093748934
     0.08803006977,      0.4484023624,        5.09374085
     0.08802971083,      0.4483999151,       5.093733818
     0.08802937094,      0.4483976475,       5.093727726
     0.08802904981,       0.448395549,       5.093722469
     0.08802874701,      0.4483936093,       5.093717956
     0.08802846207,      0.4483918188,       5.093714104
     0.08802819442,      0.4483901681,       5.093710839
     0.08802794345,      0.4483886482,       5.093708096
     0.08802770852,      0.4483872508,       5.093705815
     0.08802748895,      0.4483859677,       5.093703945
     0.08802728406,      0.4483847913,       5.093702437
     0.08802709313,      0.4483837144,       5.093701251
     0.08802691546,        0.44838273,       5.093700349
     0.08802675037,      0.4483818315,       5.093699695
     0.08802659716,      0.4483810128,        5.09369926
     0.08802645516,      0.4483802679,       5.093699014
     0.08802632373,      0.4483795911,       5.093698932
     0.08802620223,      0.4483789773,       5.093698989
     0.08802609006,      0.4483784214,       5.093699165
     0.08802598665,      0.4483779188,       5.093699438
     0.08802589144,       0.448377465,       5.093699793
      0.0880258039,       0.448377056,       5.093700212
     0.08802572352,      0.4483766879,       5.093700682
     0.08802564982,      0.4483763572,       5.093701189
     0.08802558235,      0.4483760605,       5.093701723
     0.08802552067,      0.4483757949,       5.093702275
     0.08802546437,      0.4483755576,       5.093702836
     0.08802541306,      0.4483753459,       5.093703401
     0.08802536635,      0.4483751575,       5.093703963
     0.08802532391,      0.4483749902,       5.093704519
      0.0880252854,      0.4483748421,       5.093705065
     0.08802525051,      0.4483747114,       5.093705599
     0.08802521894,      0.4483745963,       5.093706118
     0.08802519042,      0.4483744954,       5.093706622
     0.08802516469,      0.4483744072,        5.09370711
     0.08802514152,      0.4483743306,        5.09370758
     0.08802512067,      0.4483742643,       5.093708034
     0.08802510195,      0.4483742073,       5.093708469
     0.08802508516,      0.4483741586,       5.093708887
     0.08802507014,      0.4483741173,       5.093709288
     0.08802505672,      0.4483740827,       5.093709671
     0.08802504475,      0.4483740538,       5.093710036
      0.0880250341,      0.4483740302,       5.093710384
     0.08802502465,      0.4483740112,       5.093710715
     0.08802501628,      0.4483739962,       5.093711029
      0.0880250089,      0.4483739848,       5.093711326
     0.08802500242,      0.4483739765,       5.093711607
     0.08802499674,      0.4483739709,       5.093711871
     0.08802499179,      0.4483739676,        5.09371212
      0.0880249875,      0.4483739663,       5.093712354
      0.0880249838,      0.4483739667,       5.093712573
     0.08802498063,      0.4483739686,       5.093712778
     0.08802497795,      0.4483739718,       5.093712969
     0.08802497569,       0.448373976,       5.093713148
     0.08802497381,       0.448373981,       5.093713314
     0.08802497226,      0.4483739867,       5.093713468
     0.08802497102,       0.448373993,       5.093713611
     0.08802497003,      0.4483739997,       5.093713744
     0.08802496928,      0.4483740067,       5.093713867
     0.08802496872,      0.4483740139,       5.093713982
     0.08802496833,      0.4483740212,       5.093714087
     0.08802496809,      0.4483740286,       5.093714185
     0.08802496798,      0.4483740359,       5.093714275
     0.08802496797,      0.4483740432,       5.093714358
     0.08802496805,      0.4483740504,       5.093714435
      0.0880249682,      0.4483740574,       5.093714506
     0.08802496842,      0.4483740643,       5.093714571
     0.08802496868,      0.4483740709,       5.093714632
     0.08802496899,      0.4483740774,       5.093714687
