VARIABLES = \
       "CD"       ,       "CL"       ,      "CEff"      
     0.05115176032,      0.2873837289,       5.618256872
      0.0211260416,      0.2948850232,       13.95836612
     0.01934894938,      0.2903034028,       15.00357447
     0.01698780171,      0.2917374452,       17.17334886
     0.01639762321,      0.2933208748,       17.88801164
     0.01607306548,       0.294140626,       18.30021948
     0.01596559719,      0.2948410074,       18.46727084
     0.01592409327,      0.2956048211,        18.5633691
     0.01595641144,      0.2965007734,       18.58192079
     0.01603518691,       0.297440117,       18.54921422
     0.01613137448,      0.2983399821,       18.49439318
     0.01622510127,      0.2991717867,         18.438824
     0.01630727527,       0.299919702,       18.39177281
     0.01637626777,      0.3005784038,       18.35451204
      0.0164336739,      0.3011508821,       18.32523171
     0.01648234475,      0.3016411306,       18.30086284
     0.01652551307,      0.3020619503,       18.27852176
     0.01656611977,      0.3024254353,       18.25565911
     0.01660510477,      0.3027389129,       18.23167737
     0.01664297756,      0.3030117389,       18.20658219
      0.0166787677,      0.3032472446,       18.18163368
     0.01671267508,      0.3034594612,       18.15744396
     0.01674555773,       0.303665624,       18.13410034
     0.01677792988,       0.303874029,        18.1115329
     0.01680739473,      0.3040690845,       18.09138712
     0.01683462909,      0.3042560752,       18.07322713
     0.01686029422,       0.304435446,        18.0563543
     0.01688447063,      0.3046040297,       18.04048444
     0.01690771615,      0.3047633229,       18.02510287
     0.01693012523,      0.3049137435,       18.01012925
     0.01695162914,      0.3050557223,        17.9956581
     0.01697191135,      0.3051896741,       17.98204503
     0.01699058468,      0.3053143998,       17.96962291
     0.01700752552,      0.3054291566,       17.95847117
     0.01702247144,      0.3055320235,       17.94874642
      0.0170356582,      0.3056226072,       17.94017018
     0.01704707793,      0.3057007316,       17.93273503
     0.01705713697,      0.3057687987,       17.92615016
     0.01706614432,      0.3058283341,       17.92017742
     0.01707430948,      0.3058802595,        17.9146489
     0.01708175851,      0.3059252202,       17.90946874
     0.01708853856,      0.3059636813,       17.90461368
     0.01709466297,      0.3059961335,       17.90009747
     0.01710017104,      0.3060230882,       17.89590802
     0.01710503927,      0.3060449637,        17.8920936
     0.01710929898,      0.3060624818,        17.8886629
     0.01711304345,      0.3060765685,       17.88557187
     0.01711634897,      0.3060878924,       17.88277938
     0.01711927468,      0.3060968901,       17.88024877
     0.01712187185,      0.3061038898,       17.87794538
     0.01712418464,      0.3061091715,       17.87583922
     0.01712624929,      0.3061129793,       17.87390655
     0.01712809517,      0.3061155291,       17.87212916
      0.0171297505,      0.3061170173,       17.87048896
     0.01713121766,      0.3061176203,       17.86899369
     0.01713251304,      0.3061175104,       17.86763622
     0.01713364935,       0.306116817,       17.86641075
     0.01713463761,      0.3061156691,       17.86531329
     0.01713549468,      0.3061142488,       17.86433683
     0.01713622713,       0.306112622,       17.86347833
     0.01713684344,      0.3061108544,       17.86273274
     0.01713735735,       0.306109011,       17.86208951
     0.01713778367,      0.3061071437,       17.86153622
     0.01713813775,      0.3061052986,       17.86105953
     0.01713843519,      0.3061035158,       17.86064553
     0.01713868922,      0.3061018217,       17.86028195
     0.01713891005,      0.3061002319,       17.85995907
     0.01713910614,      0.3060987558,       17.85966861
     0.01713928263,        0.30609739,       17.85940501
     0.01713944185,      0.3060961234,        17.8591652
     0.01713958414,      0.3060949446,       17.85894816
     0.01713970884,      0.3060938456,       17.85875411
      0.0171398151,      0.3060928217,       17.85858365
     0.01713990245,      0.3060918706,       17.85843714
     0.01713997121,      0.3060909914,       17.85831421
     0.01714002257,      0.3060901839,       17.85821359
     0.01714005856,      0.3060894482,       17.85813316
     0.01714008176,       0.306088783,       17.85807019
     0.01714009499,      0.3060881858,       17.85802156
     0.01714010105,      0.3060876527,       17.85798413
     0.01714010251,      0.3060871788,       17.85795497
      0.0171401015,      0.3060867587,       17.85793151
     0.01714009967,      0.3060863872,       17.85791174
     0.01714009814,       0.306086059,       17.85789419
     0.01714009755,      0.3060857697,       17.85787793
     0.01714009809,      0.3060855159,       17.85786256
     0.01714009963,      0.3060852951,       17.85784807
     0.01714010182,      0.3060851059,       17.85783475
     0.01714010423,      0.3060849476,       17.85782301
     0.01714010639,      0.3060848192,       17.85781326
     0.01714010788,      0.3060847193,       17.85780589
     0.01714010837,      0.3060846462,        17.8578011
     0.01714010769,      0.3060845974,       17.85779897
     0.01714010578,      0.3060845708,        17.8577994
     0.01714010279,       0.306084564,       17.85780213
     0.01714009895,      0.3060845751,       17.85780677
     0.01714009462,      0.3060846023,       17.85781287
     0.01714009022,      0.3060846442,        17.8578199
     0.01714008615,      0.3060846999,       17.85782739
      0.0171400828,      0.3060847684,       17.85783488
     0.01714008045,      0.3060848486,       17.85784201
     0.01714007928,      0.3060849396,       17.85784854
     0.01714007935,        0.30608504,       17.85785431
     0.01714008062,      0.3060851483,       17.85785931
     0.01714008293,      0.3060852629,       17.85786359
     0.01714008604,      0.3060853821,       17.85786731
     0.01714008969,      0.3060855044,       17.85787064
     0.01714009359,      0.3060856281,        17.8578738
     0.01714009747,      0.3060857519,       17.85787697
     0.01714010111,      0.3060858744,       17.85788032
     0.01714010434,      0.3060859944,       17.85788396
     0.01714010705,      0.3060861111,       17.85788794
     0.01714010922,      0.3060862238,       17.85789226
     0.01714011088,      0.3060863323,       17.85789687
     0.01714011212,      0.3060864366,       17.85790165
     0.01714011308,      0.3060865369,        17.8579065
      0.0171401139,      0.3060866335,       17.85791129
     0.01714011473,      0.3060867269,       17.85791588
     0.01714011567,      0.3060868175,       17.85792018
     0.01714011684,      0.3060869055,        17.8579241
     0.01714011827,       0.306086991,       17.85792759
        0.01714012,       0.306087074,       17.85793064
       0.017140122,      0.3060871545,       17.85793324
     0.01714012426,      0.3060872323,       17.85793543
     0.01714012671,      0.3060873075,       17.85793726
     0.01714012929,      0.3060873798,       17.85793879
     0.01714013195,      0.3060874494,       17.85794009
     0.01714013461,      0.3060875162,       17.85794121
     0.01714013722,        0.30608758,       17.85794221
     0.01714013974,      0.3060876408,       17.85794313
     0.01714014212,      0.3060876985,       17.85794402
     0.01714014433,      0.3060877531,        17.8579449
     0.01714014638,      0.3060878046,       17.85794577
     0.01714014826,      0.3060878531,       17.85794665
     0.01714014998,      0.3060878989,       17.85794752
     0.01714015158,      0.3060879422,       17.85794839
     0.01714015307,      0.3060879832,       17.85794923
     0.01714015447,      0.3060880221,       17.85795003
     0.01714015582,       0.306088059,       17.85795078
     0.01714015713,      0.3060880943,       17.85795147
     0.01714015842,      0.3060881279,       17.85795209
      0.0171401597,      0.3060881599,       17.85795263
     0.01714016096,      0.3060881904,       17.85795309
     0.01714016222,      0.3060882195,       17.85795347
     0.01714016348,       0.306088247,       17.85795378
     0.01714016471,      0.3060882732,       17.85795401
     0.01714016593,      0.3060882979,       17.85795419
     0.01714016711,      0.3060883212,       17.85795431
     0.01714016826,      0.3060883432,        17.8579544
     0.01714016936,      0.3060883639,       17.85795446
      0.0171401704,      0.3060883833,        17.8579545
     0.01714017139,      0.3060884014,       17.85795454
      0.0171401723,      0.3060884183,       17.85795457
     0.01714017315,      0.3060884341,       17.85795461
     0.01714017392,      0.3060884488,       17.85795466
     0.01714017463,      0.3060884625,       17.85795472
     0.01714017528,      0.3060884752,       17.85795479
     0.01714017587,      0.3060884871,       17.85795487
      0.0171401764,      0.3060884982,       17.85795496
      0.0171401769,      0.3060885086,       17.85795505
     0.01714017735,      0.3060885183,       17.85795515
