VARIABLES = \
       "CD"       ,       "CL"       ,      "CEff"      
      0.0760907052,      0.5363208139,       7.048440575
     0.04499331111,      0.5754581553,       12.78986012
     0.03984092478,      0.5696728109,       14.29868443
     0.03836653146,      0.5743059179,       14.96892985
     0.03781811908,      0.5794884723,       15.32303791
     0.03744417934,      0.5820644182,       15.54485713
     0.03742748668,      0.5846775764,       15.62160936
      0.0375946608,      0.5876956915,       15.63242437
     0.03783494979,      0.5904616494,       15.60624906
      0.0381063718,      0.5928427755,         15.557576
     0.03840234999,      0.5949645148,       15.49291944
     0.03870368528,      0.5968144439,       15.42009345
      0.0389815323,      0.5982960883,       15.34819318
     0.03922584116,      0.5994405802,       15.28177758
      0.0394411595,      0.6003711524,       15.22194479
     0.03964278654,      0.6012326373,        15.1662557
     0.03983804485,      0.6020798577,       15.11318791
     0.04002119507,      0.6028469993,       15.06319335
     0.04019801035,      0.6035376072,       15.01411642
     0.04036610872,      0.6041546118,       14.96687768
     0.04054010896,      0.6048305941,       14.91931348
     0.04072341407,      0.6056094634,       14.87128418
     0.04091428906,      0.6064840685,       14.82328259
     0.04109611256,      0.6073443406,        14.7786324
     0.04127519999,      0.6082190631,       14.73570239
     0.04144784469,      0.6090767303,       14.69501574
     0.04161249257,      0.6099048231,       14.65677217
     0.04176724035,      0.6106857966,       14.62116701
     0.04191643955,      0.6114401956,       14.58712148
     0.04205744045,      0.6121572243,       14.55526579
     0.04218787512,      0.6128139738,        14.5258317
     0.04230529901,      0.6133893034,       14.49911282
     0.04241395273,      0.6139057975,       14.47414725
     0.04251181591,      0.6143558189,       14.45141323
     0.04259577305,      0.6147256341,       14.43161117
     0.04267143735,      0.6150482483,        14.4135817
     0.04273859027,      0.6153172036,       14.39722742
     0.04279632463,       0.615527358,       14.38271542
     0.04284702886,      0.6156931111,       14.36956371
      0.0428926179,      0.6158304654,        14.3574931
     0.04293348021,      0.6159469712,       14.34654186
     0.04297177563,      0.6160572164,        14.3363221
     0.04300935529,      0.6161753368,       14.32654204
     0.04304601077,      0.6163001823,       14.31724267
     0.04308096299,      0.6164220406,       14.30845547
     0.04311339671,      0.6165305634,       14.30020853
     0.04314201586,      0.6166209495,       14.29281728
     0.04316733045,      0.6166964829,       14.28618533
     0.04318954766,      0.6167550573,       14.28019256
     0.04320830607,      0.6167938743,       14.27489134
     0.04322395316,      0.6168155764,       14.27022591
      0.0432373409,      0.6168260968,       14.26605069
     0.04324880978,      0.6168295001,       14.26234625
      0.0432588779,      0.6168293702,       14.25902381
      0.0432678424,      0.6168275504,       14.25602748
     0.04327564354,      0.6168236341,       14.25336711
     0.04328249613,       0.616818763,       14.25099794
     0.04328851557,      0.6168133488,       14.24889121
     0.04329370475,      0.6168068323,       14.24703282
      0.0432981754,      0.6167996264,       14.24539535
     0.04330201227,      0.6167919696,       14.24395628
     0.04330525626,      0.6167837016,       14.24269834
     0.04330793717,      0.6167744788,       14.24160371
     0.04331009821,      0.6167645972,       14.24066494
     0.04331178197,      0.6167539046,       14.23986446
     0.04331303175,      0.6167422263,       14.23918395
     0.04331389147,      0.6167296107,       14.23861006
     0.04331445981,      0.6167166419,       14.23812382
     0.04331478332,      0.6167036801,       14.23771823
     0.04331492832,      0.6166910623,       14.23737926
     0.04331493332,      0.6166789747,       14.23709856
     0.04331482091,      0.6166673769,       14.23686775
     0.04331462418,      0.6166564194,       14.23667944
     0.04331437974,      0.6166462632,        14.2365253
     0.04331410628,      0.6166369375,       14.23639988
     0.04331381244,      0.6166284129,       14.23629965
     0.04331350258,       0.616620639,       14.23622202
     0.04331318033,      0.6166135673,       14.23616466
     0.04331284758,      0.6166071341,       14.23612551
     0.04331250261,      0.6166012476,       14.23610298
     0.04331214118,      0.6165957961,       14.23609591
     0.04331175919,      0.6165906737,        14.2361032
      0.0433113543,      0.6165857959,       14.23612367
     0.04331092707,      0.6165811091,       14.23615588
     0.04331048065,      0.6165765863,       14.23619819
     0.04331002007,       0.616572221,       14.23624879
     0.04330955115,       0.616568017,       14.23630586
     0.04330907984,      0.6165639843,       14.23636768
     0.04330861181,      0.6165601359,       14.23643267
     0.04330815209,      0.6165564854,        14.2364995
     0.04330770482,      0.6165530443,       14.23656707
     0.04330727326,      0.6165498212,       14.23663451
     0.04330685964,      0.6165468201,       14.23670119
     0.04330646533,      0.6165440397,       14.23676661
     0.04330609093,      0.6165414743,       14.23683046
     0.04330573653,      0.6165391148,       14.23689248
     0.04330540185,      0.6165369498,       14.23695252
     0.04330508637,      0.6165349664,       14.23701043
     0.04330478942,      0.6165331512,       14.23706614
     0.04330451022,      0.6165314898,       14.23711957
     0.04330424786,      0.6165299679,       14.23717068
     0.04330400139,      0.6165285711,       14.23721945
     0.04330376984,       0.616527286,       14.23726591
     0.04330355227,      0.6165261001,       14.23731005
     0.04330334774,      0.6165250023,       14.23735195
      0.0433031554,      0.6165239829,       14.23739165
     0.04330297449,      0.6165230339,       14.23742921
     0.04330280436,       0.616522149,       14.23746471
     0.04330264445,      0.6165213235,       14.23749823
     0.04330249428,      0.6165205535,       14.23752982
     0.04330235341,      0.6165198356,       14.23755956
     0.04330222143,      0.6165191673,       14.23758752
     0.04330209793,      0.6165185458,       14.23761377
     0.04330198251,      0.6165179683,       14.23763838
     0.04330187476,      0.6165174322,       14.23766143
     0.04330177425,      0.6165169345,       14.23768299
     0.04330168056,      0.6165164724,       14.23770312
     0.04330159328,      0.6165160431,        14.2377219
       0.043301512,       0.616515644,       14.23773941
     0.04330143635,      0.6165152726,       14.23775571
     0.04330136599,      0.6165149269,       14.23777086
      0.0433013006,      0.6165146049,       14.23778492
     0.04330123983,      0.6165143046,       14.23779797
     0.04330118296,        0.61651402,        14.2378101
     0.04330112956,      0.6165137502,       14.23782143
     0.04330107999,      0.6165134976,       14.23783189
     0.04330103436,      0.6165132637,       14.23784149
     0.04330099247,      0.6165130482,       14.23785029
     0.04330095398,      0.6165128497,       14.23785836
     0.04330091863,      0.6165126669,       14.23786576
     0.04330088621,      0.6165124991,       14.23787255
     0.04330085656,      0.6165123456,       14.23787875
      0.0433008295,      0.6165122056,       14.23788442
     0.04330080484,      0.6165120779,       14.23788958
     0.04330078237,      0.6165119615,       14.23789428
      0.0433007619,      0.6165118551,       14.23789855
     0.04330074325,      0.6165117578,       14.23790243
     0.04330072628,      0.6165116686,       14.23790596
     0.04330071083,      0.6165115869,       14.23790915
     0.04330069676,       0.616511512,       14.23791204
     0.04330068396,      0.6165114431,       14.23791466
     0.04330067229,      0.6165113796,       14.23791703
     0.04330066165,      0.6165113211,       14.23791918
     0.04330065195,       0.616511267,       14.23792112
     0.04330064309,       0.616511217,       14.23792288
     0.04330063499,      0.6165111707,       14.23792448
     0.04330062757,      0.6165111276,       14.23792592
     0.04330062076,      0.6165110874,       14.23792723
     0.04330061449,      0.6165110498,       14.23792842
     0.04330060872,      0.6165110145,       14.23792951
     0.04330060339,      0.6165109813,       14.23793049
     0.04330059847,        0.61651095,       14.23793139
     0.04330059392,      0.6165109206,        14.2379322
     0.04330058972,      0.6165108928,       14.23793294
     0.04330058584,      0.6165108667,       14.23793361
     0.04330058226,      0.6165108422,       14.23793422
     0.04330057896,      0.6165108191,       14.23793478
     0.04330057591,      0.6165107974,       14.23793528
     0.04330057311,       0.616510777,       14.23793573
     0.04330057053,       0.616510758,       14.23793614
     0.04330056816,      0.6165107402,       14.23793651
     0.04330056599,      0.6165107236,       14.23793684
       0.043300564,      0.6165107082,       14.23793714
     0.04330056218,      0.6165106939,        14.2379374
     0.04330056052,      0.6165106806,       14.23793764
     0.04330055901,      0.6165106683,       14.23793785
     0.04330055764,       0.616510657,       14.23793804
     0.04330055639,      0.6165106465,       14.23793821
     0.04330055526,      0.6165106369,       14.23793836
     0.04330055424,       0.616510628,       14.23793849
     0.04330055331,      0.6165106198,       14.23793861
     0.04330055247,      0.6165106123,       14.23793871
     0.04330055171,      0.6165106054,        14.2379388
     0.04330055102,       0.616510599,       14.23793888
      0.0433005504,      0.6165105932,       14.23793895
     0.04330054984,      0.6165105878,       14.23793901
