VARIABLES = \
       "CD"       ,       "CL"       ,      "CEff"      
      0.1740928561,      0.7647957585,       4.393033555
      0.1383276847,      0.8355603201,       6.040441739
      0.1320026531,      0.8333263429,       6.312951469
      0.1281016458,      0.8342015497,       6.512028357
      0.1267637767,      0.8364932766,        6.59883524
      0.1261616983,      0.8401061291,       6.658963383
      0.1259425353,      0.8428829965,       6.692599878
      0.1261031128,      0.8449780614,       6.700691543
      0.1267379519,      0.8480868474,       6.691656559
      0.1276004702,      0.8520891413,        6.67778998
      0.1285090799,       0.856162847,       6.662275129
       0.129389513,      0.8597755841,       6.644862975
      0.1302724788,      0.8631314247,       6.625585332
       0.131127797,      0.8661553905,       6.605429287
      0.1319756422,      0.8690642522,        6.58503522
      0.1327652203,      0.8716932858,       6.565674987
      0.1334844997,      0.8739096093,       6.546899537
      0.1342345932,      0.8762236782,       6.527554914
      0.1349815503,      0.8785879982,       6.508948786
      0.1356002749,       0.880318135,       6.492008482
      0.1362264968,      0.8819917585,       6.474450851
       0.136890594,      0.8837734827,       6.456057039
      0.1375844584,      0.8858265224,       6.438419954
       0.138323513,      0.8882818185,       6.421770234
      0.1391891573,       0.891542496,       6.405258234
      0.1400303143,      0.8948389871,       6.390323348
      0.1408552054,      0.8981147498,       6.376155905
      0.1415997771,      0.9009577355,       6.362705889
      0.1422339016,      0.9032241164,       6.350273079
      0.1427922612,      0.9051186569,        6.33870946
       0.143335976,      0.9068924513,       6.327039983
      0.1438657846,      0.9084990584,       6.314907056
      0.1443704336,      0.9098043305,       6.301874338
      0.1447937635,      0.9106147491,       6.289046759
      0.1451217179,      0.9108326516,       6.276335925
      0.1453782968,      0.9106721906,       6.264155038
      0.1455941802,      0.9103201103,       6.252448478
      0.1458315228,      0.9101850895,       6.241346672
      0.1461416486,      0.9105536101,       6.230623638
      0.1465272008,       0.911460859,       6.220420876
      0.1469512361,      0.9127055572,       6.210941678
      0.1473783959,      0.9140487451,       6.202053831
      0.1477866077,      0.9153697896,       6.193861567
      0.1481673183,       0.916579056,       6.186108155
      0.1485023501,      0.9175541711,       6.178718186
       0.148770735,      0.9181763618,       6.171753886
      0.1490061227,      0.9186360884,       6.165089538
       0.149238226,      0.9191196412,       6.158741401
      0.1494792906,      0.9196663513,       6.152466658
      0.1497127791,      0.9202489805,        6.14676306
      0.1499490025,      0.9208962921,       6.141396587
      0.1501772816,      0.9215351979,       6.136315613
      0.1504062985,      0.9221916185,       6.131336438
       0.150640982,      0.9229069473,          6.126533
      0.1508580155,      0.9235667742,       6.122092824
      0.1510541132,      0.9241412205,       6.117948071
       0.151217853,      0.9245478185,       6.114012336
      0.1513430357,      0.9247600105,       6.110357219
      0.1514504676,      0.9249074107,       6.106996073
      0.1515541918,      0.9250728635,       6.103908129
      0.1516475979,      0.9252128044,       6.101071282
      0.1517260333,      0.9253080262,       6.098544897
      0.1517966142,      0.9253912388,       6.096257441
        0.15186531,      0.9254880715,       6.094137439
      0.1519289809,      0.9255669834,       6.092102887
      0.1519900148,       0.925646677,       6.090180845
      0.1520505624,      0.9257392111,        6.08836427
      0.1521029471,      0.9258006028,       6.086671037
      0.1521462553,      0.9258288825,       6.085124347
      0.1521814786,      0.9258292035,       6.083718017
      0.1522112138,      0.9258154749,        6.08243934
      0.1522379891,      0.9258018445,       6.081280039
      0.1522611436,      0.9257840873,       6.080238631
       0.152279902,      0.9257544945,       6.079295312
      0.1522959814,      0.9257214843,       6.078436712
      0.1523100699,      0.9256872786,       6.077649883
      0.1523238041,      0.9256627689,       6.076940991
      0.1523370235,      0.9256459117,       6.076302993
      0.1523500784,      0.9256372963,       6.075725762
      0.1523629927,       0.925636659,       6.075206599
      0.1523758629,      0.9256444472,        6.07474458
      0.1523887331,      0.9256603851,       6.074336114
      0.1524012872,      0.9256822023,       6.073978897
      0.1524131112,      0.9257067556,       6.073668784
       0.152423916,      0.9257317565,       6.073402265
      0.1524333162,      0.9257542786,       6.073175483
      0.1524413012,      0.9257735079,       6.072983506
      0.1524480637,      0.9257899271,       6.072821817
      0.1524538293,      0.9258043695,       6.072686884
       0.152458761,      0.9258173403,       6.072575523
      0.1524629829,      0.9258290797,       6.072484366
      0.1524665577,      0.9258396057,       6.072411025
      0.1524696904,      0.9258498207,       6.072353255
      0.1524723846,      0.9258594722,       6.072309257
      0.1524746744,      0.9258685146,       6.072277369
      0.1524766027,      0.9258769937,       6.072256186
       0.152478207,      0.9258849367,       6.072244387
      0.1524795039,      0.9258922618,        6.07224078
      0.1524805004,      0.9258988433,       6.072244261
      0.1524812499,      0.9259048737,       6.072253962
      0.1524817481,      0.9259101992,       6.072269045
      0.1524820264,      0.9259148904,       6.072288728
      0.1524821144,       0.925919014,       6.072312268
       0.152482032,      0.9259225864,       6.072338977
      0.1524817951,      0.9259256068,        6.07236822
      0.1524814164,      0.9259280642,       6.072399418
      0.1524809084,      0.9259299562,       6.072432059
      0.1524802848,       0.925931299,       6.072465696
      0.1524795603,      0.9259321221,        6.07249995
      0.1524787492,      0.9259324651,       6.072534499
      0.1524778668,      0.9259323786,       6.072569074
       0.152476929,      0.9259319265,       6.072603457
      0.1524759516,       0.925931177,       6.072637471
      0.1524749459,      0.9259301762,       6.072670962
      0.1524739136,      0.9259289121,       6.072703784
      0.1524728759,      0.9259274992,       6.072735847
       0.152471833,      0.9259259228,       6.072767046
      0.1524707946,      0.9259242281,       6.072797291
      0.1524697707,      0.9259224676,       6.072826525
      0.1524687671,      0.9259206631,       6.072854662
      0.1524677836,      0.9259188093,       6.072881678
       0.152466822,      0.9259169113,       6.072907527
      0.1524658839,      0.9259149765,       6.072932203
      0.1524649702,      0.9259130131,       6.072955722
      0.1524640819,      0.9259110304,       6.072978101
      0.1524632201,      0.9259090382,        6.07299936
      0.1524623859,      0.9259070456,       6.073019521
      0.1524615799,      0.9259050611,       6.073038609
      0.1524608031,      0.9259030879,       6.073056609
       0.152460056,      0.9259011344,       6.073073555
      0.1524593391,      0.9258992105,       6.073089495
      0.1524586525,      0.9258973241,       6.073104472
      0.1524579961,      0.9258954809,       6.073118528
      0.1524573698,      0.9258936852,         6.0731317
       0.152456773,      0.9258919403,       6.073144028
      0.1524562052,      0.9258902486,        6.07315555
      0.1524556658,      0.9258886123,       6.073166304
       0.152455154,      0.9258870325,       6.073176328
        0.15245466,      0.9258854586,       6.073185684
      0.1524541944,      0.9258839574,       6.073194385
      0.1524537611,      0.9258825536,       6.073202439
      0.1524533528,      0.9258812109,       6.073209894
      0.1524529684,      0.9258799284,       6.073216798
      0.1524526067,       0.925878706,       6.073223189
      0.1524522665,      0.9258775411,       6.073229098
      0.1524519472,      0.9258764332,       6.073234552
       0.152451648,      0.9258753816,       6.073239574
      0.1524513675,      0.9258743824,       6.073244192
      0.1524511042,      0.9258734294,       6.073248432
      0.1524508564,      0.9258725178,       6.073252322
      0.1524506234,      0.9258716459,       6.073255887
      0.1524504047,      0.9258708154,        6.07325915
      0.1524502003,      0.9258700285,       6.073262132
      0.1524500097,      0.9258692856,       6.073264853
      0.1524498321,      0.9258685854,       6.073267334
      0.1524496668,      0.9258679255,       6.073269591
      0.1524495129,      0.9258673037,       6.073271643
      0.1524493698,      0.9258667182,       6.073273505
      0.1524492367,      0.9258661673,       6.073275191
      0.1524491132,      0.9258656492,       6.073276715
      0.1524489985,      0.9258651624,       6.073278091
      0.1524488921,       0.925864705,       6.073279329
      0.1524487934,      0.9258642753,       6.073280443
      0.1524487019,      0.9258638719,       6.073281443
      0.1524486171,      0.9258634935,       6.073282337
      0.1524485386,      0.9258631387,       6.073283137
       0.152448466,      0.9258628063,       6.073283849
      0.1524483989,      0.9258624952,       6.073284483
      0.1524483368,      0.9258622041,       6.073285044
      0.1524482795,      0.9258619318,        6.07328554
      0.1524482267,      0.9258616774,       6.073285978
      0.1524481779,      0.9258614398,       6.073286361
       0.152448133,      0.9258612181,       6.073286697
      0.1524480914,      0.9258610101,       6.073286989
      0.1524480533,      0.9258608173,       6.073287241
      0.1524480184,      0.9258606384,       6.073287458
      0.1524479864,      0.9258604719,       6.073287644
      0.1524479568,      0.9258603165,       6.073287802
      0.1524479295,      0.9258601712,       6.073287935
      0.1524479045,      0.9258600357,       6.073288046
      0.1524478814,        0.92585991,       6.073288138
      0.1524478604,      0.9258597935,       6.073288211
      0.1524478412,      0.9258596859,        6.07328827
      0.1524478237,      0.9258595863,       6.073288315
      0.1524478077,      0.9258594942,       6.073288348
      0.1524477931,       0.925859409,       6.073288371
      0.1524477798,      0.9258593303,       6.073288385
      0.1524477676,      0.9258592575,       6.073288391
      0.1524477566,      0.9258591902,        6.07328839
      0.1524477465,      0.9258591279,       6.073288385
      0.1524477373,      0.9258590704,       6.073288374
      0.1524477289,      0.9258590172,        6.07328836
      0.1524477212,       0.925858968,       6.073288342
      0.1524477142,      0.9258589225,       6.073288322
      0.1524477079,      0.9258588806,         6.0732883
      0.1524477021,      0.9258588419,       6.073288277
      0.1524476968,      0.9258588062,       6.073288252
       0.152447692,      0.9258587733,       6.073288227
      0.1524476877,      0.9258587429,       6.073288201
      0.1524476837,       0.925858715,       6.073288175
      0.1524476802,      0.9258586892,       6.073288149
      0.1524476769,      0.9258586655,       6.073288123
      0.1524476739,      0.9258586437,       6.073288097
      0.1524476713,      0.9258586236,       6.073288072
      0.1524476688,      0.9258586051,       6.073288048
      0.1524476666,      0.9258585882,       6.073288025
      0.1524476646,      0.9258585726,       6.073288002
      0.1524476628,      0.9258585583,        6.07328798
      0.1524476612,      0.9258585451,       6.073287959
      0.1524476597,       0.925858533,       6.073287939
      0.1524476584,      0.9258585219,       6.073287919
      0.1524476572,      0.9258585117,       6.073287901
       0.152447656,      0.9258585024,       6.073287884
       0.152447655,      0.9258584938,       6.073287867
      0.1524476541,      0.9258584859,       6.073287852
      0.1524476533,      0.9258584787,       6.073287837
      0.1524476526,       0.925858472,       6.073287824
