VARIABLES = \
       "CD"       ,       "CL"       ,      "CEff"      
     0.09980964794,      0.5953549565,       5.964903883
     0.07450321484,      0.6460358886,       8.671248483
     0.07118493037,      0.6448511156,       9.058815009
      0.0695670797,      0.6525426719,       9.380049798
     0.06953673091,      0.6590164958,       9.477242994
      0.0699281811,      0.6641741726,        9.49794721
     0.07058525743,      0.6691645331,       9.480230822
     0.07123532627,      0.6737594311,        9.45822061
     0.07187935622,      0.6782076546,       9.435360724
     0.07256038947,      0.6827689183,       9.409664464
     0.07324910457,      0.6872148241,       9.381887029
      0.0739213757,      0.6914274917,       9.353552814
     0.07457554443,      0.6954699772,       9.325711029
     0.07519756321,      0.6992785233,       9.299217866
     0.07578925718,      0.7027621539,       9.272582687
     0.07634158583,      0.7059024422,       9.246630582
     0.07683216708,      0.7085672856,       9.222273854
     0.07724190549,       0.710687766,       9.200805722
     0.07760920503,      0.7124927791,       9.180518971
     0.07794597005,      0.7140351865,       9.160642764
     0.07827604639,      0.7154477533,       9.140059908
     0.07857349351,      0.7166169259,       9.120339365
     0.07881981447,      0.7174638803,       9.102582708
     0.07903487193,      0.7181361095,       9.086319646
     0.07924443341,      0.7187808266,       9.070426725
     0.07945404781,      0.7194475079,       9.054888049
     0.07965112791,      0.7200556556,       9.040118759
      0.0798316706,      0.7205841706,       9.026294517
     0.07999747591,      0.7210495437,       9.013403679
     0.08015557431,      0.7214820101,       9.001021032
     0.08030855601,       0.721897963,       8.989054204
     0.08044875004,      0.7222597568,       8.977886622
     0.08057824532,      0.7225853929,       8.967499728
     0.08069634899,      0.7228839386,       8.958074902
     0.08081136003,      0.7231880519,       8.949088985
      0.0809242116,      0.7234992474,       8.940454694
     0.08102883457,       0.723777331,        8.93234285
      0.0811261526,      0.7240270728,       8.924706147
      0.0812147052,      0.7242427188,       8.917630335
     0.08129270192,      0.7244186148,       8.911238004
     0.08136005384,      0.7245576245,        8.90556963
     0.08142504534,      0.7247018653,       8.900232874
      0.0814924569,      0.7248771763,       8.895021746
     0.08156045557,      0.7250708379,       8.889980234
     0.08162657943,      0.7252689863,       8.885206159
     0.08168914142,      0.7254611511,       8.880753776
     0.08174897795,      0.7256515954,       8.876583091
     0.08180724749,      0.7258459983,       8.872636845
     0.08186057068,      0.7260211351,       8.868996747
     0.08190739305,      0.7261684441,       8.865725267
     0.08194858046,      0.7262911952,       8.862767251
     0.08198552094,      0.7263954912,       8.860046052
     0.08201881722,      0.7264849662,       8.857540145
     0.08204844014,      0.7265589769,        8.85524424
     0.08207435389,      0.7266164052,       8.853148038
     0.08209653935,      0.7266563879,       8.851242618
     0.08211525689,      0.7266796434,       8.849508251
     0.08213145852,      0.7266921885,       8.847915301
     0.08214588794,      0.7266986707,       8.846440021
     0.08215895536,      0.7267025605,       8.845080337
     0.08217060613,      0.7267028088,       8.843829235
      0.0821809796,       0.726700168,       8.842680771
     0.08219036985,      0.7266967323,       8.841628692
       0.082198913,      0.7266932099,       8.840666907
     0.08220666226,      0.7266897059,       8.839790911
     0.08221365059,      0.7266860126,       8.838994587
     0.08221992841,      0.7266820927,        8.83827202
      0.0822255522,      0.7266780133,       8.837617915
     0.08223057694,      0.7266737662,       8.837026241
     0.08223505201,      0.7266693133,       8.836491199
     0.08223898591,      0.7266644307,       8.836009135
     0.08224239867,      0.7266589551,       8.835575893
     0.08224531444,      0.7266527706,       8.835187458
     0.08224776658,      0.7266458629,       8.834840059
     0.08224979746,      0.7266383025,       8.834529993
     0.08225145228,      0.7266301951,       8.834253681
     0.08225276703,      0.7266216194,       8.834008213
     0.08225378078,      0.7266126893,       8.833790768
     0.08225453493,      0.7266035459,       8.833598616
     0.08225506162,        0.72659429,       8.833429525
     0.08225538773,      0.7265850155,       8.833281752
     0.08225555998,      0.7265759203,       8.833152684
     0.08225560769,      0.7265670759,       8.833040036
     0.08225554595,      0.7265584842,       8.832942214
     0.08225539279,      0.7265501887,       8.832857811
     0.08225516596,       0.726542236,       8.832785485
     0.08225487993,      0.7265346516,       8.832723994
     0.08225454715,      0.7265274508,       8.832672185
     0.08225417782,      0.7265206365,       8.832629001
     0.08225377944,      0.7265141939,       8.832593455
     0.08225335601,      0.7265080978,       8.832564811
     0.08225291157,      0.7265023169,       8.832542253
     0.08225245029,      0.7264968243,       8.832525009
     0.08225197615,      0.7264916015,       8.832512427
     0.08225149275,      0.7264866335,       8.832503937
     0.08225100329,      0.7264819061,       8.832499022
     0.08225051076,      0.7264774067,       8.832497209
     0.08225001804,      0.7264731252,       8.832498066
     0.08224952797,      0.7264690541,       8.832501195
     0.08224904328,       0.726465188,        8.83250624
     0.08224856644,      0.7264615223,       8.832512878
     0.08224809961,      0.7264580524,       8.832520822
     0.08224764461,      0.7264547737,       8.832529821
     0.08224720292,       0.726451681,       8.832539651
     0.08224677574,      0.7264487688,       8.832550119
     0.08224636392,      0.7264460308,       8.832561054
     0.08224596808,      0.7264434603,       8.832572311
     0.08224558784,      0.7264410461,       8.832583792
     0.08224522276,      0.7264387769,       8.832595409
     0.08224487453,      0.7264366526,       8.832606977
     0.08224454432,       0.726434672,       8.832618358
     0.08224423155,      0.7264328268,       8.832629513
     0.08224393514,      0.7264311062,       8.832640425
     0.08224365411,      0.7264294998,       8.832651074
     0.08224338762,      0.7264279985,        8.83266144
     0.08224313508,      0.7264265951,       8.832671498
     0.08224289604,      0.7264252839,       8.832681227
     0.08224267011,      0.7264240597,       8.832690606
     0.08224245671,      0.7264229168,       8.832699628
     0.08224225587,      0.7264218541,       8.832708277
     0.08224206741,      0.7264208688,       8.832716537
     0.08224189004,      0.7264199503,       8.832724417
     0.08224172288,      0.7264190911,       8.832731922
     0.08224156567,       0.726418289,       8.832739054
     0.08224141823,      0.7264175426,       8.832745815
      0.0822412803,      0.7264168505,       8.832752211
     0.08224115165,       0.726416211,       8.832758253
     0.08224103192,      0.7264156218,       8.832763948
     0.08224092063,      0.7264150798,        8.83276931
     0.08224081722,       0.726414581,       8.832774352
     0.08224072114,      0.7264141218,       8.832779088
      0.0822406319,       0.726413699,       8.832783531
     0.08224054906,      0.7264133098,       8.832787695
      0.0822404722,      0.7264129515,       8.832791593
     0.08224040092,      0.7264126215,       8.832795237
     0.08224033484,      0.7264123177,        8.83279864
     0.08224027361,      0.7264120379,       8.832801813
     0.08224021691,      0.7264117802,        8.83280477
     0.08224016444,      0.7264115431,       8.832807523
     0.08224011593,      0.7264113251,       8.832810082
     0.08224007112,      0.7264111248,       8.832812459
     0.08224002977,      0.7264109409,       8.832814664
     0.08223999167,      0.7264107725,       8.832816708
     0.08223995659,      0.7264106183,       8.832818601
     0.08223992434,      0.7264104775,       8.832820352
     0.08223989474,       0.726410349,        8.83282197
     0.08223986759,       0.726410232,       8.832823463
     0.08223984273,      0.7264101257,        8.83282484
        0.08223982,      0.7264100292,       8.832826108
     0.08223979923,      0.7264099417,       8.832827275
     0.08223978029,      0.7264098626,       8.832828348
     0.08223976302,      0.7264097912,       8.832829333
     0.08223974731,      0.7264097267,       8.832830237
     0.08223973301,      0.7264096686,       8.832831066
     0.08223972004,      0.7264096164,       8.832831825
     0.08223970827,      0.7264095695,       8.832832519
     0.08223969761,      0.7264095276,       8.832833153
     0.08223968798,      0.7264094901,       8.832833732
     0.08223967929,      0.7264094567,       8.832834259
     0.08223967146,      0.7264094271,        8.83283474
     0.08223966442,      0.7264094008,       8.832835177
     0.08223965811,      0.7264093777,       8.832835574
     0.08223965246,      0.7264093574,       8.832835933
     0.08223964742,      0.7264093397,        8.83283626
     0.08223964294,      0.7264093243,       8.832836554
     0.08223963896,      0.7264093111,       8.832836821
     0.08223963544,      0.7264092998,       8.832837061
     0.08223963234,      0.7264092902,       8.832837277
     0.08223962963,      0.7264092822,       8.832837471
     0.08223962726,      0.7264092756,       8.832837645
     0.08223962521,      0.7264092703,       8.832837801
     0.08223962344,      0.7264092661,       8.832837941
     0.08223962193,       0.726409263,       8.832838065
     0.08223962064,      0.7264092607,       8.832838175
     0.08223961957,      0.7264092593,       8.832838273
     0.08223961868,      0.7264092586,       8.832838359
     0.08223961796,      0.7264092585,       8.832838436
     0.08223961739,       0.726409259,       8.832838503
     0.08223961696,      0.7264092599,       8.832838561
     0.08223961664,      0.7264092613,       8.832838612
     0.08223961642,       0.726409263,       8.832838656
      0.0822396163,       0.726409265,       8.832838694
     0.08223961626,      0.7264092673,       8.832838726
     0.08223961629,      0.7264092698,       8.832838754
