VARIABLES = \
       "CD"       ,       "CL"       ,      "CEff"      
      0.2335957798,       0.634349439,       2.715586041
      0.1832277318,      0.6860215013,        3.74409209
      0.1750025538,      0.6945131582,       3.968588704
      0.1697223077,      0.6995883541,       4.121958767
      0.1668816764,      0.7016918554,       4.204726789
      0.1651730239,      0.7008684353,       4.243237901
       0.164550496,      0.7004691199,       4.256864227
      0.1648686597,      0.7020405946,       4.258181001
      0.1657260226,      0.7050718919,       4.254442849
      0.1668796943,      0.7088980848,       4.247958913
       0.168078385,      0.7125132856,       4.239172606
       0.169202285,      0.7154582354,       4.228419464
      0.1703109691,      0.7180469788,       4.216093553
      0.1714216319,      0.7204828952,       4.202987027
      0.1724924749,      0.7226464378,       4.189437472
      0.1735691458,      0.7247536893,       4.175590575
      0.1746082809,      0.7265999227,       4.161314223
       0.175650819,      0.7284324613,       4.147048477
      0.1766848598,      0.7304156123,       4.134002274
      0.1778247774,      0.7328553719,       4.121221929
      0.1789007203,      0.7351396772,        4.10920468
      0.1799656841,      0.7375595264,       4.098334248
       0.181047195,      0.7402459843,       4.088690709
      0.1821507573,      0.7431010732,       4.079593651
      0.1831144968,      0.7453122285,       4.070197834
      0.1838313757,      0.7462939896,       4.059666021
      0.1843987176,      0.7462503607,       4.046938993
      0.1849590995,      0.7458925676,       4.032743292
      0.1855735305,      0.7459095824,       4.019482631
      0.1862891114,      0.7467596589,       4.008606049
      0.1870658772,      0.7481793272,        3.99954999
      0.1878247057,      0.7498220157,       3.992137311
      0.1884962462,      0.7511654097,       3.985041743
      0.1891226031,       0.752256557,       3.977613172
      0.1898405826,      0.7535875834,       3.969581072
      0.1905740248,      0.7549836846,       3.961629532
      0.1913030868,      0.7564731742,       3.954317659
      0.1919876421,      0.7579708508,       3.948018959
      0.1926932219,      0.7596517164,       3.942285613
      0.1933030037,      0.7610107526,       3.936880121
      0.1938397757,      0.7620611319,       3.931397099
      0.1943428284,      0.7629509177,       3.925799188
       0.194773104,      0.7635506493,       3.920205787
      0.1951252741,      0.7638114939,       3.914467243
      0.1954308546,      0.7639753533,       3.909184938
      0.1957370881,      0.7642504291,       3.904474296
      0.1960591973,      0.7646534527,       3.900115185
      0.1964014369,      0.7651666963,       3.895932273
      0.1967146717,      0.7655567803,       3.891711654
      0.1969620609,      0.7656978532,       3.887539812
      0.1971782504,      0.7657180751,       3.883380005
       0.197403873,      0.7658092966,       3.879403604
      0.1976294281,      0.7659508941,       3.875692508
      0.1978357634,      0.7660544068,       3.872173533
      0.1980152238,      0.7661095619,       3.868942737
       0.198199944,      0.7662513293,       3.866052198
      0.1983842579,      0.7664593167,       3.863508753
      0.1985687746,      0.7667164797,       3.861213734
      0.1987410651,      0.7669588538,       3.859085959
       0.198896005,       0.767160846,       3.857095301
      0.1990525362,       0.767412656,       3.855327196
      0.1991985546,      0.7676558528,       3.853722003
      0.1993239535,      0.7678384395,       3.852213574
      0.1994350283,      0.7679716639,       3.850736104
      0.1995368547,      0.7680838017,        3.84933301
      0.1996341053,      0.7681991033,       3.848035395
      0.1997237006,      0.7683081383,        3.84685511
      0.1998037881,      0.7683958002,       3.845751913
      0.1998731277,      0.7684518581,       3.844698219
      0.1999357909,      0.7684930214,       3.843699109
      0.1999941192,      0.7685337882,       3.842781934
      0.2000452582,      0.7685632342,       3.841946772
      0.2000864003,      0.7685642602,       3.841161913
       0.200121525,      0.7685506002,       3.840419467
      0.2001522122,      0.7685340167,       3.839747802
      0.2001796769,      0.7685182317,       3.839142133
      0.2002054954,      0.7685117083,       3.838614453
       0.200229312,        0.76851151,       3.838156872
      0.2002506029,      0.7685126919,       3.837754698
      0.2002692465,      0.7685141196,        3.83740456
      0.2002852557,      0.7685141226,       3.837097843
      0.2002988329,      0.7685121178,       3.836827737
      0.2003099665,      0.7685073096,       3.836590475
      0.2003185324,      0.7684983606,       3.836381743
      0.2003252899,      0.7684870041,       3.836195641
      0.2003309949,      0.7684757763,       3.836030349
      0.2003359573,       0.768465898,        3.83588602
      0.2003402246,      0.7684575273,       3.835762533
      0.2003437491,      0.7684501721,       3.835658341
      0.2003465451,      0.7684434309,       3.835571162
      0.2003486608,      0.7684370622,       3.835498871
        0.20035015,      0.7684309307,       3.835439757
      0.2003510495,      0.7684248539,       3.835392207
      0.2003514126,      0.7684187375,       3.835354728
      0.2003513172,      0.7684126345,       3.835326093
      0.2003508522,      0.7684066794,       3.835305271
      0.2003500978,       0.768400999,       3.835291359
      0.2003491152,      0.7683956624,       3.835283532
       0.200347947,      0.7683906699,       3.835280976
      0.2003466234,      0.7683859718,       3.835282866
      0.2003451679,      0.7683814982,       3.835288399
      0.2003436023,      0.7683771873,       3.835296853
      0.2003419487,      0.7683730009,       3.835307612
      0.2003402297,      0.7683689249,       3.835320175
      0.2003384673,      0.7683649618,       3.835334133
      0.2003366815,      0.7683611219,       3.835349155
      0.2003348895,      0.7683574161,       3.835364962
      0.2003331055,      0.7683538517,       3.835381326
      0.2003313323,      0.7683503878,       3.835397984
      0.2003295871,      0.7683470734,        3.83541485
       0.200327877,      0.7683439078,       3.835431789
      0.2003262158,      0.7683409316,       3.835448738
      0.2003245997,      0.7683381003,       3.835465547
      0.2003230277,      0.7683353904,       3.835482117
      0.2003215055,      0.7683328174,       3.835498418
      0.2003200353,      0.7683303776,       3.835514389
      0.2003186175,       0.768328059,       3.835529961
      0.2003172532,      0.7683258567,        3.83554509
      0.2003159444,       0.768323773,       3.835559746
       0.200314693,      0.7683218102,        3.83557391
      0.2003134993,      0.7683199662,        3.83558756
      0.2003123634,       0.768318236,       3.835600674
      0.2003112844,      0.7683166133,       3.835613234
       0.200310262,      0.7683150955,       3.835625233
      0.2003092957,      0.7683136808,       3.835636673
       0.200308384,      0.7683123624,        3.83564755
      0.2003075266,      0.7683111381,       3.835657856
      0.2003067222,      0.7683100064,        3.83566761
      0.2003059666,      0.7683089542,       3.835676827
      0.2003052564,      0.7683079657,       3.835685491
      0.2003045911,      0.7683070394,       3.835693605
      0.2003039711,      0.7683061817,       3.835701196
      0.2003033952,      0.7683053955,         3.8357083
       0.200302861,      0.7683046771,       3.835714943
      0.2003023656,      0.7683040186,       3.835721142
      0.2003019066,      0.7683034133,        3.83572691
      0.2003014819,      0.7683028571,       3.835732267
      0.2003010897,      0.7683023479,       3.835737235
      0.2003007283,      0.7683018837,       3.835741838
      0.2003003958,      0.7683014622,       3.835746102
      0.2003000902,      0.7683010804,       3.835750046
      0.2002998099,      0.7683007356,       3.835753694
      0.2002995531,      0.7683004252,       3.835757062
      0.2002993181,      0.7683001467,       3.835760172
      0.2002991034,      0.7682998975,       3.835763039
      0.2002989074,      0.7682996748,        3.83576568
      0.2002987288,      0.7682994763,       3.835768109
      0.2002985662,      0.7682992996,       3.835770341
      0.2002984184,      0.7682991427,       3.835772388
      0.2002982842,      0.7682990036,       3.835774263
      0.2002981628,      0.7682988806,       3.835775975
       0.200298053,      0.7682987721,       3.835777536
      0.2002979539,      0.7682986765,       3.835778955
      0.2002978649,      0.7682985923,        3.83578024
       0.200297785,      0.7682985183,         3.8357814
      0.2002977136,      0.7682984531,       3.835782442
      0.2002976501,      0.7682983957,       3.835783372
      0.2002975938,      0.7682983452,       3.835784198
      0.2002975442,      0.7682983006,       3.835784925
      0.2002975007,      0.7682982612,       3.835785561
      0.2002974629,      0.7682982263,       3.835786111
      0.2002974303,      0.7682981954,       3.835786582
      0.2002974024,      0.7682981679,       3.835786978
       0.200297379,      0.7682981434,       3.835787305
      0.2002973594,      0.7682981216,        3.83578757
      0.2002973435,       0.768298102,       3.835787776
      0.2002973309,      0.7682980844,       3.835787931
      0.2002973212,      0.7682980687,       3.835788038
      0.2002973141,      0.7682980545,       3.835788103
      0.2002973093,      0.7682980418,       3.835788131
      0.2002973066,      0.7682980304,       3.835788127
      0.2002973056,      0.7682980202,       3.835788094
      0.2002973062,      0.7682980112,       3.835788038
      0.2002973081,      0.7682980032,       3.835787962
      0.2002973111,      0.7682979963,       3.835787871
      0.2002973149,      0.7682979903,       3.835787767
      0.2002973195,      0.7682979852,       3.835787654
      0.2002973246,       0.768297981,       3.835787534
      0.2002973302,      0.7682979776,       3.835787411
       0.200297336,      0.7682979749,       3.835787286
       0.200297342,       0.768297973,       3.835787162
      0.2002973481,      0.7682979718,        3.83578704
      0.2002973541,      0.7682979712,       3.835786921
      0.2002973601,      0.7682979712,       3.835786806
      0.2002973659,      0.7682979717,       3.835786697
      0.2002973716,      0.7682979726,       3.835786593
      0.2002973771,       0.768297974,       3.835786496
      0.2002973823,      0.7682979758,       3.835786405
      0.2002973872,      0.7682979778,        3.83578632
      0.2002973919,      0.7682979802,       3.835786241
      0.2002973964,      0.7682979827,       3.835786169
      0.2002974006,      0.7682979854,       3.835786102
      0.2002974045,      0.7682979882,       3.835786041
      0.2002974082,      0.7682979911,       3.835785985
      0.2002974116,      0.7682979941,       3.835785934
      0.2002974149,      0.7682979971,       3.835785887
      0.2002974179,          0.768298,       3.835785844
      0.2002974207,      0.7682980029,       3.835785804
      0.2002974234,      0.7682980058,       3.835785768
      0.2002974258,      0.7682980085,       3.835785734
      0.2002974282,      0.7682980112,       3.835785703
      0.2002974303,      0.7682980137,       3.835785674
      0.2002974324,      0.7682980162,       3.835785647
      0.2002974343,      0.7682980185,       3.835785621
      0.2002974361,      0.7682980207,       3.835785598
      0.2002974378,      0.7682980227,       3.835785575
      0.2002974394,      0.7682980247,       3.835785554
      0.2002974409,      0.7682980265,       3.835785534
      0.2002974423,      0.7682980281,       3.835785516
      0.2002974436,      0.7682980297,       3.835785498
      0.2002974449,      0.7682980311,       3.835785482
       0.200297446,      0.7682980324,       3.835785466
      0.2002974471,      0.7682980336,       3.835785451
      0.2002974481,      0.7682980347,       3.835785438
       0.200297449,      0.7682980356,       3.835785425
      0.2002974499,      0.7682980365,       3.835785413
      0.2002974507,      0.7682980373,       3.835785402
      0.2002974514,       0.768298038,       3.835785391
      0.2002974521,      0.7682980386,       3.835785382
      0.2002974527,      0.7682980391,       3.835785373
      0.2002974532,      0.7682980396,       3.835785365
