VARIABLES = \
       "CD"       ,       "CL"       ,      "CEff"      
      0.1311085896,       0.649386973,       4.953046744
      0.1003853876,      0.6809628152,       6.783485437
     0.09511282617,      0.6777254174,       7.125489218
     0.09170780713,      0.6786294859,       7.399909638
     0.09049983304,      0.6811019945,       7.526002774
     0.08999098101,      0.6833491359,       7.593529132
     0.08977856075,      0.6856157825,       7.636742857
     0.08982892933,      0.6885883098,       7.665551788
     0.09011684233,      0.6919020428,       7.677832744
      0.0905063065,      0.6950508933,       7.679585215
     0.09093933157,      0.6980163989,       7.675627111
     0.09141875654,      0.7009181831,       7.667115695
     0.09191861245,      0.7036899441,       7.655576225
     0.09241100387,      0.7062852355,        7.64286942
     0.09289550143,      0.7087586487,       7.629633705
     0.09337166848,      0.7111585358,       7.616427416
     0.09385039292,      0.7135898103,       7.603482394
     0.09433615393,      0.7160433442,       7.590338533
     0.09476687589,      0.7181504363,       7.578074402
      0.0951673832,      0.7200290713,       7.565922768
      0.0955489714,      0.7217607013,       7.553830153
     0.09590379377,      0.7233371562,       7.542320567
     0.09622247415,      0.7246958115,       7.531461001
     0.09652464188,      0.7259633269,       7.521015491
      0.0968298861,       0.727266261,       7.510762331
     0.09712979784,      0.7285680595,       7.500973705
     0.09741650299,      0.7297923879,        7.49146567
     0.09768551258,      0.7309053699,       7.482228947
     0.09794581131,      0.7319625545,       7.473137899
     0.09819376621,      0.7329580834,       7.464405448
     0.09843430983,      0.7339386458,       7.456126294
     0.09866603187,      0.7348902562,       7.448259976
      0.0988772335,      0.7357437275,        7.44098213
      0.0990617412,      0.7364421371,       7.434173155
     0.09923187635,      0.7370672802,       7.427726929
     0.09939013105,      0.7376356951,       7.421619101
     0.09954162248,        0.73818962,       7.415888969
     0.09969105666,      0.7387455608,       7.410349389
     0.09983268552,      0.7392687463,       7.405077229
     0.09997024901,      0.7397862642,       7.400064234
      0.1001004164,      0.7402753607,       7.395327485
      0.1002219227,      0.7407338814,       7.390936646
      0.1003397636,      0.7411849578,       7.386752085
      0.1004540289,      0.7416186681,       7.382667241
      0.1005608167,      0.7420207795,       7.378826104
      0.1006604294,      0.7423956291,       7.375247985
      0.1007493823,      0.7427203606,       7.371959445
      0.1008278816,      0.7429997175,        7.36899066
      0.1008968946,      0.7432374138,       7.366306133
      0.1009599639,      0.7434538445,       7.363848164
      0.1010176768,      0.7436463029,       7.361546279
      0.1010702786,      0.7438161186,       7.359395158
      0.1011198838,      0.7439796367,       7.357402014
      0.1011661307,      0.7441345038,       7.355569486
      0.1012104853,      0.7442860707,       7.353843512
      0.1012523702,      0.7444296375,       7.352219369
       0.101291308,      0.7445629812,       7.350709511
      0.1013271501,      0.7446852432,       7.349315976
      0.1013597804,      0.7447962558,       7.348045278
      0.1013894502,      0.7448959363,        7.34687815
       0.101416481,      0.7449854328,       7.345802435
      0.1014411829,      0.7450662284,       7.344810139
      0.1014637346,      0.7451389979,       7.343894852
      0.1014844953,      0.7452055088,       7.343047887
      0.1015034958,       0.745265976,       7.342269054
      0.1015208503,      0.7453207734,       7.341553689
      0.1015366995,      0.7453707682,       7.340900111
      0.1015512645,      0.7454167371,       7.340299902
      0.1015646727,      0.7454588474,       7.339745477
      0.1015766203,      0.7454953556,       7.339241585
      0.1015873082,      0.7455273435,        7.33878431
      0.1015966574,      0.7455544397,       7.338375681
      0.1016049163,      0.7455775094,       7.338006236
      0.1016122867,       0.745597669,       7.337672373
      0.1016189517,      0.7456159623,       7.337371131
      0.1016250288,      0.7456329243,       7.337099268
      0.1016305825,      0.7456487548,        7.33685409
      0.1016356657,      0.7456635973,       7.336633182
      0.1016402441,      0.7456771308,       7.336435852
       0.101644418,      0.7456896471,       7.336257725
       0.101648238,      0.7457011468,       7.336095157
      0.1016516855,      0.7457115489,       7.335948691
      0.1016548871,      0.7457215455,        7.33581598
       0.101657905,      0.7457314482,       7.335695617
      0.1016606974,      0.7457408807,       7.335586905
      0.1016632303,       0.745749514,       7.335489065
      0.1016655043,      0.7457572931,       7.335401502
      0.1016675308,       0.745764224,       7.335323464
       0.101669332,      0.7457703941,       7.335254194
      0.1016709338,      0.7457759295,       7.335193078
      0.1016723593,      0.7457809336,       7.335139448
      0.1016736266,      0.7457854666,       7.335092608
       0.101674749,      0.7457895613,       7.335051906
      0.1016757397,       0.745793249,       7.335016704
      0.1016766128,        0.74579657,       7.334986379
      0.1016773815,      0.7457995656,       7.334960388
      0.1016780575,      0.7458022691,       7.334938213
      0.1016786504,      0.7458047063,        7.33491941
      0.1016791685,       0.745806899,       7.334903599
      0.1016796194,      0.7458088693,       7.334890452
      0.1016800103,      0.7458106416,       7.334879683
      0.1016803484,      0.7458122424,       7.334871039
      0.1016806403,      0.7458136977,        7.33486429
      0.1016808921,      0.7458150286,       7.334859217
      0.1016811085,      0.7458162499,       7.334855615
      0.1016812936,      0.7458173706,       7.334853288
      0.1016814507,      0.7458183977,       7.334852057
       0.101681583,      0.7458193388,       7.334851764
      0.1016816938,      0.7458202027,       7.334852271
       0.101681786,      0.7458209995,       7.334853456
      0.1016818624,      0.7458217384,       7.334855214
      0.1016819252,      0.7458224269,        7.33485745
      0.1016819766,      0.7458230708,       7.334860079
       0.101682018,      0.7458236742,       7.334863024
       0.101682051,      0.7458242409,       7.334866217
      0.1016820769,      0.7458247743,       7.334869599
      0.1016820967,      0.7458252777,       7.334873117
      0.1016821116,      0.7458257545,       7.334876729
      0.1016821226,      0.7458262074,       7.334880396
      0.1016821302,      0.7458266389,       7.334884086
      0.1016821354,      0.7458270511,       7.334887771
      0.1016821385,      0.7458274456,       7.334891425
      0.1016821401,       0.745827824,       7.334895029
      0.1016821406,      0.7458281873,       7.334898563
      0.1016821405,      0.7458285369,       7.334902015
      0.1016821398,      0.7458288738,       7.334905372
      0.1016821391,      0.7458291988,       7.334908624
      0.1016821384,      0.7458295128,       7.334911764
      0.1016821378,      0.7458298164,       7.334914787
      0.1016821377,      0.7458301102,       7.334917689
      0.1016821379,      0.7458303947,       7.334920468
      0.1016821387,      0.7458306703,       7.334923122
        0.10168214,      0.7458309374,       7.334925652
       0.101682142,      0.7458311963,       7.334928058
      0.1016821446,      0.7458314473,       7.334930341
      0.1016821477,      0.7458316906,       7.334932504
      0.1016821516,      0.7458319267,        7.33493455
       0.101682156,      0.7458321556,       7.334936481
       0.101682161,      0.7458323775,         7.3349383
      0.1016821666,      0.7458325927,       7.334940013
      0.1016821728,      0.7458328013,       7.334941621
      0.1016821794,      0.7458330034,        7.33494313
      0.1016821865,      0.7458331991,       7.334944544
       0.101682194,      0.7458333885,       7.334945866
      0.1016822019,      0.7458335717,       7.334947101
      0.1016822101,      0.7458337489,       7.334948252
      0.1016822185,      0.7458339202,       7.334949324
      0.1016822273,      0.7458340856,       7.334950322
      0.1016822362,      0.7458342453,       7.334951249
      0.1016822453,      0.7458343995,       7.334952108
      0.1016822545,      0.7458345481,       7.334952904
      0.1016822638,      0.7458346914,       7.334953641
      0.1016822732,      0.7458348295,       7.334954321
      0.1016822827,      0.7458349624,       7.334954949
      0.1016822921,      0.7458350903,       7.334955528
      0.1016823015,      0.7458352133,        7.33495606
      0.1016823108,      0.7458353315,       7.334956548
      0.1016823201,      0.7458354451,       7.334956997
      0.1016823293,      0.7458355542,       7.334957407
      0.1016823383,      0.7458356588,       7.334957783
      0.1016823472,      0.7458357592,       7.334958126
       0.101682356,      0.7458358554,       7.334958438
      0.1016823647,      0.7458359475,       7.334958722
      0.1016823731,      0.7458360358,        7.33495898
      0.1016823814,      0.7458361202,       7.334959214
      0.1016823895,       0.745836201,       7.334959425
      0.1016823973,      0.7458362782,       7.334959616
       0.101682405,       0.745836352,       7.334959788
      0.1016824125,      0.7458364224,       7.334959942
      0.1016824197,      0.7458364897,        7.33496008
      0.1016824268,      0.7458365539,       7.334960204
      0.1016824336,      0.7458366151,       7.334960313
      0.1016824402,      0.7458366734,        7.33496041
      0.1016824466,       0.745836729,       7.334960496
      0.1016824528,      0.7458367819,       7.334960572
      0.1016824587,      0.7458368322,       7.334960638
      0.1016824645,      0.7458368802,       7.334960695
        0.10168247,      0.7458369257,       7.334960745
      0.1016824753,       0.745836969,       7.334960788
      0.1016824804,      0.7458370102,       7.334960824
      0.1016824853,      0.7458370492,       7.334960854
        0.10168249,      0.7458370863,       7.334960879
      0.1016824945,      0.7458371215,         7.3349609
      0.1016824988,      0.7458371549,       7.334960916
       0.101682503,      0.7458371865,       7.334960928
      0.1016825069,      0.7458372165,       7.334960938
      0.1016825107,      0.7458372449,       7.334960944
      0.1016825143,      0.7458372717,       7.334960947
      0.1016825178,      0.7458372972,       7.334960949
      0.1016825211,      0.7458373212,       7.334960948
      0.1016825242,       0.745837344,       7.334960945
      0.1016825272,      0.7458373655,       7.334960941
      0.1016825301,      0.7458373858,       7.334960936
      0.1016825328,       0.745837405,       7.334960929
      0.1016825353,      0.7458374231,       7.334960922
      0.1016825378,      0.7458374402,       7.334960913
      0.1016825401,      0.7458374563,       7.334960904
      0.1016825423,      0.7458374715,       7.334960895
      0.1016825444,      0.7458374858,       7.334960885
      0.1016825464,      0.7458374993,       7.334960875
      0.1016825482,       0.745837512,       7.334960864
        0.10168255,       0.745837524,       7.334960854
      0.1016825517,      0.7458375352,       7.334960843
      0.1016825533,      0.7458375458,       7.334960833
      0.1016825548,      0.7458375557,       7.334960822
      0.1016825562,      0.7458375651,       7.334960811
      0.1016825576,      0.7458375739,       7.334960801
      0.1016825588,      0.7458375821,       7.334960791
        0.10168256,      0.7458375899,       7.334960781
      0.1016825612,      0.7458375972,       7.334960771
      0.1016825622,       0.745837604,       7.334960761
      0.1016825632,      0.7458376104,       7.334960752
      0.1016825642,      0.7458376164,       7.334960743
      0.1016825651,       0.745837622,       7.334960734
      0.1016825659,      0.7458376273,       7.334960725
      0.1016825667,      0.7458376322,       7.334960717
      0.1016825674,      0.7458376368,       7.334960709
      0.1016825681,      0.7458376411,       7.334960702
      0.1016825688,      0.7458376452,       7.334960694
