VARIABLES = \
       "CD"       ,       "CL"       ,      "CEff"      
     0.01592518628,      0.1531040814,       9.613958589
    0.004386915436,      0.1474233027,       33.60523011
    0.004161589442,       0.145236609,       34.89931215
    0.003677728037,      0.1452747675,       39.50122632
    0.003378108463,      0.1450569215,       42.94027947
    0.003154787722,      0.1450767419,       45.98621354
    0.003044153209,      0.1455345762,       47.80790131
    0.002999178484,       0.146079491,       48.70650139
    0.002980148197,      0.1465585363,       49.17827123
    0.002968771041,      0.1469651644,       49.50370453
    0.002960665037,      0.1473090606,       49.75539574
    0.002955948344,      0.1476017982,       49.93382193
    0.002954510078,       0.147854183,       50.04355344
    0.002955298261,      0.1480710256,       50.10358092
    0.002957196808,      0.1482545678,       50.13348025
    0.002959541334,      0.1484084418,       50.14575742
    0.002962102363,       0.148538215,       50.14621267
    0.002964878602,       0.148649822,           50.1369
    0.002967878947,      0.1487479615,       50.11928187
    0.002971014292,      0.1488352159,       50.09575897
    0.002974117843,      0.1489125266,       50.06947757
    0.002977028195,      0.1489803495,       50.04331156
    0.002979650247,      0.1490394144,       50.01909691
    0.002981964307,      0.1490907181,       49.99748582
    0.002983994064,      0.1491352035,       49.97838476
    0.002985788151,      0.1491734761,       49.96117223
    0.002987395647,       0.149205891,       49.94513907
    0.002988855885,      0.1492328312,       49.92975135
    0.002990198648,      0.1492548354,       49.91468894
    0.002991445375,      0.1492725449,       49.89980633
    0.002992609773,      0.1492866216,        49.8850946
    0.002993699512,      0.1492976906,       49.87063331
    0.002994716664,      0.1493063089,       49.85657264
    0.002995659381,      0.1493129575,       49.84310245
    0.002996523003,      0.1493180515,       49.83043726
    0.002997300975,      0.1493219264,        49.8187962
    0.002997986549,      0.1493248336,       49.80837344
    0.002998575136,      0.1493269391,       49.79929879
    0.002999065919,      0.1493283415,       49.79161698
    0.002999462787,      0.1493291021,       49.78528248
    0.002999774118,      0.1493292743,       49.78017292
    0.003000011955,      0.1493289161,       49.77610701
     0.00300019022,      0.1493280931,       49.77287511
     0.00300032347,      0.1493268691,       49.77025664
    0.003000425214,      0.1493253014,       49.76804645
    0.003000506862,      0.1493234323,       49.76606924
    0.003000577076,      0.1493212915,       49.76419126
    0.003000641808,      0.1493189008,         49.762321
     0.00300070457,       0.149316279,       49.76040644
    0.003000766868,      0.1493134484,       49.75843007
    0.003000828714,      0.1493104403,       49.75640215
    0.003000889076,      0.1493072915,       49.75435205
    0.003000946249,      0.1493040403,       49.75232074
    0.003000998124,      0.1493007239,       49.75035564
     0.00300104276,      0.1492973772,       49.74850048
    0.003001078502,      0.1492940302,       49.74679272
    0.003001104166,      0.1492907091,        49.7452607
    0.003001119127,      0.1492874369,       49.74392239
    0.003001123346,      0.1492842324,       49.74278468
    0.003001117323,      0.1492811113,       49.74184453
    0.003001102033,      0.1492780859,       49.74108986
    0.003001078771,      0.1492751652,        49.7405022
     0.00300104904,       0.149272355,       49.74005857
     0.00300101443,      0.1492696585,       49.73973369
    0.003000976521,      0.1492670766,       49.73950166
    0.003000936795,      0.1492646086,       49.73933768
     0.00300089659,      0.1492622526,       49.73921896
    0.003000857017,      0.1492600061,       49.73912627
    0.003000818947,      0.1492578661,       49.73904414
    0.003000783006,      0.1492558289,       49.73896099
    0.003000749573,      0.1492538902,        49.7388691
    0.003000718822,      0.1492520456,       49.73876411
    0.003000690739,      0.1492502904,       49.73864466
     0.00300066517,      0.1492486198,       49.73851175
    0.003000641852,      0.1492470291,       49.73836816
    0.003000620452,      0.1492455138,       49.73821787
    0.003000600607,      0.1492440694,       49.73806547
    0.003000581947,       0.149242692,       49.73791573
    0.003000564131,      0.1492413778,       49.73777305
    0.003000546856,      0.1492401234,       49.73764136
    0.003000529876,      0.1492389259,       49.73752374
    0.003000513005,      0.1492377828,       49.73742242
    0.003000496123,      0.1492366919,       49.73733868
     0.00300047917,      0.1492356513,       49.73727291
    0.003000462146,      0.1492346599,       49.73722467
    0.003000445092,      0.1492337163,       49.73719289
    0.003000428087,      0.1492328195,       49.73717589
    0.003000411237,      0.1492319685,        49.7371716
    0.003000394661,      0.1492311625,        49.7371777
    0.003000378482,      0.1492304001,       49.73719181
    0.003000362818,      0.1492296802,       49.73721154
    0.003000347773,      0.1492290012,       49.73723465
    0.003000333438,      0.1492283617,       49.73725912
    0.003000319882,      0.1492277599,       49.73728326
    0.003000307152,       0.149227194,       49.73730568
    0.003000295273,      0.1492266622,       49.73732536
    0.003000284248,      0.1492261626,       49.73734162
    0.003000274061,      0.1492256933,       49.73735408
    0.003000264679,      0.1492252524,       49.73736266
    0.003000256056,      0.1492248381,       49.73736751
    0.003000248136,      0.1492244486,       49.73736899
    0.003000240856,      0.1492240822,       49.73736755
    0.003000234149,      0.1492237373,       49.73736377
    0.003000227951,      0.1492234124,       49.73735825
    0.003000222198,      0.1492231064,       49.73735161
    0.003000216831,      0.1492228178,       49.73734441
    0.003000211796,      0.1492225458,        49.7373372
    0.003000207049,      0.1492222893,       49.73733042
    0.003000202549,      0.1492220475,       49.73732443
    0.003000198263,      0.1492218196,       49.73731951
    0.003000194168,      0.1492216049,       49.73731584
    0.003000190244,      0.1492214027,       49.73731348
    0.003000186479,      0.1492212124,       49.73731246
    0.003000182866,      0.1492210334,        49.7373127
    0.003000179402,      0.1492208653,        49.7373141
    0.003000176085,      0.1492207075,        49.7373165
    0.003000172917,      0.1492205596,       49.73731972
    0.003000169902,      0.1492204211,       49.73732356
    0.003000167041,      0.1492202916,       49.73732781
    0.003000164337,      0.1492201705,       49.73733229
     0.00300016179,      0.1492200574,       49.73733681
    0.003000159401,      0.1492199518,        49.7373412
    0.003000157169,      0.1492198532,       49.73734534
    0.003000155089,      0.1492197611,       49.73734912
    0.003000153159,      0.1492196751,       49.73735246
    0.003000151371,      0.1492195947,       49.73735531
    0.003000149721,      0.1492195197,       49.73735765
    0.003000148201,      0.1492194495,       49.73735948
    0.003000146801,       0.149219384,       49.73736083
    0.003000145515,      0.1492193227,       49.73736173
    0.003000144332,      0.1492192654,       49.73736225
    0.003000143244,      0.1492192119,       49.73736243
    0.003000142241,      0.1492191618,       49.73736236
    0.003000141315,      0.1492191149,       49.73736208
    0.003000140457,       0.149219071,       49.73736168
    0.003000139658,      0.1492190298,       49.73736119
    0.003000138914,      0.1492189912,       49.73736068
    0.003000138218,      0.1492189551,       49.73736017
    0.003000137565,      0.1492189213,       49.73735972
    0.003000136951,      0.1492188896,       49.73735934
    0.003000136372,        0.14921886,       49.73735906
    0.003000135827,      0.1492188323,       49.73735888
    0.003000135312,      0.1492188065,       49.73735881
    0.003000134827,      0.1492187825,       49.73735884
     0.00300013437,      0.1492187601,       49.73735898
