VARIABLES = \
       "CD"       ,       "CL"       ,      "CEff"      
       0.234082459,      0.6136340484,       2.621443961
      0.1914156771,       0.688248693,       3.595571186
      0.1845052287,      0.6974767294,       3.780254544
      0.1791674443,      0.7032818159,       3.925276819
      0.1761009619,      0.7022437225,       3.987733599
      0.1744222623,      0.6990752519,       4.007947395
      0.1740642585,      0.6996327424,       4.019393461
      0.1745662153,      0.7034908058,       4.029936747
      0.1754019903,      0.7077668316,       4.035112889
      0.1763610036,      0.7112566302,       4.032958622
      0.1773400625,      0.7138255481,       4.025179296
      0.1783600667,      0.7161295771,       4.015077984
      0.1794780427,      0.7188144151,       4.005027047
       0.180740964,      0.7222476618,       3.996037456
      0.1821093805,      0.7263144824,       3.988341953
      0.1834476488,      0.7301241201,       3.980013506
      0.1845600427,      0.7324845331,       3.968814281
      0.1853317277,      0.7327958836,       3.953968878
      0.1861004453,      0.7325988652,       3.936577711
      0.1871772407,      0.7337135646,       3.919886636
       0.188568607,      0.7368589848,       3.907643995
       0.189976365,      0.7406303293,       3.898539322
      0.1912572485,      0.7441711971,       3.890943757
      0.1922829408,      0.7467435878,       3.883566503
      0.1930365003,       0.747682397,       3.873269541
      0.1937568199,      0.7480530945,       3.860783301
      0.1945249038,      0.7483277811,       3.846951042
      0.1953283628,       0.748883477,       3.833972016
      0.1961806441,      0.7499277667,       3.822638926
      0.1969651691,      0.7509793823,       3.812752203
      0.1976966397,      0.7518222328,       3.802908506
      0.1984854727,      0.7529800011,        3.79362777
      0.1992501608,      0.7540305974,       3.784341224
       0.200041102,      0.7553832653,       3.776140293
      0.2008338004,        0.75699017,       3.769236894
      0.2014953399,      0.7581448126,       3.762592292
      0.2020658803,      0.7589579526,       3.755992607
      0.2025512337,      0.7594291439,       3.749318777
      0.2029183289,      0.7592289193,       3.741549241
       0.203283209,      0.7588716132,       3.733075727
        0.20367848,      0.7587080202,       3.725027898
      0.2040875061,       0.758686368,       3.717456215
      0.2045181097,      0.7588855657,       3.710603266
      0.2049539417,      0.7592733556,       3.704604797
      0.2053619048,      0.7596319177,        3.69899139
      0.2057343759,      0.7599185499,       3.693687779
       0.206036328,      0.7600137796,       3.688736772
      0.2062692639,      0.7598441676,       3.683748868
      0.2064487881,      0.7594397899,       3.678586815
      0.2065984557,      0.7589256545,       3.673433336
      0.2067346675,      0.7584403741,       3.668665655
      0.2068941298,      0.7581428256,       3.664399885
      0.2070875472,      0.7580910171,       3.660727202
      0.2072970833,      0.7582022127,       3.657563342
      0.2074957065,      0.7583484704,       3.654767047
      0.2076561687,      0.7583800587,       3.652095016
      0.2077763285,      0.7582727456,       3.649466478
       0.207873706,      0.7580882912,       3.646869562
      0.2079647204,       0.757903464,        3.64438479
      0.2080534698,      0.7577493149,       3.642089294
      0.2081329483,      0.7576029836,       3.639995444
       0.208204828,      0.7574767043,       3.638132274
      0.2082704737,      0.7573721291,       3.636483442
      0.2083279821,      0.7572718591,       3.634998292
      0.2083751241,      0.7571554498,       3.633617271
      0.2084121079,      0.7570170267,       3.632308287
      0.2084440167,      0.7568788917,       3.631089554
      0.2084750436,      0.7567644281,       3.630000096
      0.2085069742,       0.756686562,       3.629070753
      0.2085384664,      0.7566377912,       3.628288845
      0.2085676929,      0.7566063733,       3.627629777
      0.2085943645,      0.7565882304,       3.627078959
      0.2086184207,      0.7565790142,       3.626616536
      0.2086390312,      0.7565696733,       3.626213509
      0.2086557131,      0.7565555174,       3.625855752
      0.2086684059,      0.7565348963,       3.625536377
       0.208678178,      0.7565101565,       3.625248044
      0.2086858322,       0.756483928,       3.624989391
      0.2086917642,      0.7564577261,       3.624760799
      0.2086962069,      0.7564319484,       3.624560119
      0.2086991042,      0.7564054711,       3.624382932
      0.2087005519,       0.756377937,       3.624225859
      0.2087008464,       0.756350034,       3.624087046
      0.2087002222,      0.7563223452,       3.623965213
      0.2086988723,      0.7562953315,       3.623859215
      0.2086969937,       0.756269519,       3.623768152
      0.2086947541,      0.7562453489,       3.623691224
      0.2086922622,       0.756223021,       3.623627503
      0.2086895869,      0.7562025152,       3.623575696
       0.208686767,      0.7561836763,       3.623534387
      0.2086838282,       0.756166286,       3.623502083
      0.2086807957,      0.7561501591,       3.623477457
      0.2086777003,      0.7561351774,       3.623459412
      0.2086745763,       0.756121278,       3.623447051
      0.2086714576,      0.7561084246,       3.623439608
      0.2086683703,      0.7560966169,       3.623436632
        0.20866532,      0.7560857351,        3.62343745
       0.208662314,      0.7560756193,       3.623441171
      0.2086593776,      0.7560662708,        3.62344736
      0.2086565225,      0.7560576437,       3.623455595
      0.2086537507,      0.7560496662,       3.623465495
      0.2086510603,      0.7560422581,       3.623476712
      0.2086484506,      0.7560353605,       3.623488976
      0.2086459353,      0.7560289711,       3.623502034
      0.2086435261,      0.7560230842,        3.62351566
      0.2086412259,      0.7560176879,       3.623529743
      0.2086390348,      0.7560127495,       3.623544128
      0.2086369488,      0.7560082207,        3.62355865
      0.2086349641,      0.7560040581,        3.62357317
      0.2086330834,      0.7560002523,       3.623587591
      0.2086313057,      0.7559967802,       3.623601826
      0.2086296272,        0.75599361,       3.623615784
      0.2086280407,      0.7559906979,        3.62362938
      0.2086265424,      0.7559880151,       3.623642545
      0.2086251316,      0.7559855503,       3.623655234
      0.2086238072,      0.7559832956,       3.623667432
      0.2086225665,      0.7559812413,       3.623679135
      0.2086214064,      0.7559793747,       3.623690339
      0.2086203231,      0.7559776824,       3.623701043
      0.2086193132,      0.7559761523,        3.62371125
      0.2086183735,      0.7559747734,       3.623720964
      0.2086175006,      0.7559735354,       3.623730191
      0.2086166914,      0.7559724285,       3.623738941
      0.2086159426,      0.7559714426,       3.623747222
      0.2086152509,      0.7559705681,       3.623755045
       0.208614613,      0.7559697957,       3.623762424
      0.2086140255,      0.7559691161,       3.623769372
      0.2086134849,      0.7559685195,       3.623775902
      0.2086129881,      0.7559679973,       3.623782029
      0.2086125322,       0.755967542,       3.623787766
      0.2086121142,      0.7559671461,        3.62379313
      0.2086117313,      0.7559668025,       3.623798134
      0.2086113809,      0.7559665051,       3.623802794
      0.2086110607,      0.7559662485,       3.623807127
      0.2086107684,      0.7559660276,       3.623811146
      0.2086105018,      0.7559658379,       3.623814868
      0.2086102588,      0.7559656753,       3.623818308
      0.2086100377,      0.7559655359,       3.623821481
      0.2086098367,      0.7559654168,       3.623824402
      0.2086096542,      0.7559653152,       3.623827087
      0.2086094886,      0.7559652289,       3.623829548
      0.2086093387,      0.7559651557,       3.623831802
       0.208609203,      0.7559650938,       3.623833861
      0.2086090805,      0.7559650413,       3.623835739
      0.2086089699,      0.7559649968,       3.623837447
      0.2086088702,       0.755964959,       3.623838998
      0.2086087804,      0.7559649267,       3.623840403
      0.2086086997,      0.7559648989,       3.623841672
      0.2086086272,      0.7559648748,       3.623842816
      0.2086085621,      0.7559648537,       3.623843844
      0.2086085039,      0.7559648349,       3.623844766
      0.2086084518,      0.7559648179,       3.623845589
      0.2086084053,      0.7559648022,       3.623846323
      0.2086083637,      0.7559647876,       3.623846973
      0.2086083268,      0.7559647735,       3.623847549
      0.2086082939,      0.7559647599,       3.623848055
      0.2086082646,      0.7559647465,       3.623848498
      0.2086082387,       0.755964733,       3.623848884
      0.2086082157,      0.7559647195,       3.623849218
      0.2086081954,      0.7559647057,       3.623849505
      0.2086081775,      0.7559646918,        3.62384975
      0.2086081617,      0.7559646775,       3.623849956
      0.2086081477,      0.7559646629,       3.623850128
      0.2086081355,       0.755964648,       3.623850269
      0.2086081247,      0.7559646327,       3.623850383
      0.2086081153,      0.7559646172,       3.623850472
      0.2086081071,      0.7559646014,        3.62385054
      0.2086080999,      0.7559645854,       3.623850588
      0.2086080936,      0.7559645691,       3.623850619
      0.2086080881,      0.7559645528,       3.623850636
      0.2086080834,      0.7559645363,        3.62385064
      0.2086080792,      0.7559645198,       3.623850632
      0.2086080756,      0.7559645033,       3.623850615
      0.2086080725,      0.7559644868,        3.62385059
      0.2086080698,      0.7559644703,       3.623850558
      0.2086080675,       0.755964454,       3.623850521
      0.2086080655,      0.7559644379,       3.623850478
      0.2086080637,      0.7559644219,       3.623850432
      0.2086080622,      0.7559644062,       3.623850383
      0.2086080609,      0.7559643908,       3.623850332
      0.2086080598,      0.7559643756,       3.623850279
      0.2086080588,      0.7559643607,       3.623850225
      0.2086080579,      0.7559643462,        3.62385017
      0.2086080572,       0.755964332,       3.623850115
      0.2086080565,      0.7559643182,        3.62385006
      0.2086080559,      0.7559643047,       3.623850006
      0.2086080554,      0.7559642917,       3.623849953
      0.2086080549,       0.755964279,       3.623849901
      0.2086080545,      0.7559642668,       3.623849849
      0.2086080541,       0.755964255,         3.6238498
      0.2086080537,      0.7559642436,       3.623849751
      0.2086080534,      0.7559642326,       3.623849705
       0.208608053,       0.755964222,        3.62384966
      0.2086080527,      0.7559642119,       3.623849616
      0.2086080524,      0.7559642021,       3.623849575
      0.2086080522,      0.7559641928,       3.623849535
      0.2086080519,      0.7559641838,       3.623849497
      0.2086080516,      0.7559641753,       3.623849461
      0.2086080513,      0.7559641671,       3.623849426
      0.2086080511,      0.7559641593,       3.623849393
      0.2086080508,      0.7559641519,       3.623849362
      0.2086080506,      0.7559641448,       3.623849332
      0.2086080503,      0.7559641381,       3.623849305
      0.2086080501,      0.7559641317,       3.623849278
      0.2086080498,      0.7559641256,       3.623849253
