VARIABLES = \
       "CD"       ,       "CL"       ,      "CEff"      
      0.1246916899,      0.6873269271,        5.51221118
     0.09626529095,      0.7363601137,        7.64927947
      0.0912783679,      0.7292956883,       7.989797638
     0.08862969958,      0.7290884641,       8.226231924
     0.08763109355,      0.7307731769,       8.339199561
     0.08729231692,      0.7337905971,       8.406130379
     0.08727899708,      0.7364571689,       8.437965531
     0.08746447266,      0.7387573529,       8.446370628
     0.08787819832,      0.7416667226,        8.43971243
     0.08839438989,      0.7448622737,       8.426578594
     0.08890539566,      0.7478710858,         8.4119876
     0.08940496602,      0.7507305014,       8.396966464
     0.08992534852,      0.7536506402,       8.380847588
     0.09044780398,      0.7564801057,       8.363719985
     0.09096632103,      0.7591747702,       8.345668612
     0.09149513751,      0.7618173676,       8.326315347
     0.09204496044,       0.764480105,       8.305507453
     0.09257653077,       0.766958468,       8.284588563
      0.0930664281,      0.7691095027,       8.264091772
     0.09354205404,      0.7711709942,       8.244110118
     0.09403575893,      0.7733572783,       8.224076534
     0.09453920398,      0.7757494817,        8.20558508
     0.09503834088,      0.7781654345,       8.187910556
      0.0954964571,      0.7802873812,        8.17085162
     0.09589970612,      0.7820160895,       8.154520187
     0.09625868714,      0.7834847196,       8.139366356
     0.09662353246,      0.7850107047,       8.124425642
     0.09697821459,      0.7865307296,       8.110385749
      0.0973357195,      0.7880901802,       8.096618428
     0.09766878349,      0.7894950167,       8.083391524
     0.09795954251,      0.7906421208,       8.071108751
     0.09820217877,      0.7914895168,       8.059795889
       0.098411967,      0.7921608694,       8.049436401
     0.09862599385,      0.7928916994,        8.03937855
     0.09884689276,      0.7937058396,       8.029648858
     0.09906770057,      0.7945488246,       8.020261095
     0.09928731424,      0.7953902953,       8.010996182
     0.09950485073,       0.796238159,       8.002003452
     0.09972030241,      0.7970875126,       7.993232002
     0.09992904358,      0.7978981238,       7.984646858
      0.1001275124,      0.7986679316,       7.976508278
      0.1002995598,      0.7993027133,       7.969154746
      0.1004474214,      0.7998053657,       7.962428049
      0.1005906692,        0.80029211,       7.955927888
      0.1007303036,      0.8007795023,       7.949737803
      0.1008605206,      0.8012364373,       7.944004575
      0.1009831477,      0.8016651995,       7.938603793
      0.1010950705,       0.802050551,       7.933626705
      0.1011958273,      0.8023867678,       7.929049937
      0.1012856073,      0.8026700741,       7.924818693
      0.1013678047,       0.802920361,       7.920861694
       0.101450041,      0.8031825654,       7.917025535
      0.1015304395,      0.8034426796,       7.913318248
      0.1016115415,       0.803719184,       7.909723369
      0.1016891846,      0.8039862324,       7.906310152
      0.1017618128,      0.8042321571,       7.903084024
      0.1018292425,      0.8044565599,       7.900054444
      0.1018915452,      0.8046596063,       7.897216639
      0.1019476728,      0.8048347295,       7.894586579
      0.1019980444,      0.8049849397,       7.892160527
      0.1020454271,      0.8051239548,       7.889858249
      0.1020896728,       0.805252671,       7.887699598
      0.1021302648,      0.8053687465,       7.885701147
      0.1021668433,      0.8054671725,       7.883841241
      0.1022013829,      0.8055591736,        7.88207704
      0.1022345312,      0.8056483798,       7.880393936
       0.102266651,      0.8057371511,        7.87878691
      0.1022974237,      0.8058245841,        7.87727154
      0.1023276858,      0.8059164432,       7.875839634
      0.1023573497,      0.8060107737,       7.874478738
      0.1023857713,      0.8061034679,       7.873198176
      0.1024122003,      0.8061905854,       7.872017039
       0.102436576,      0.8062719218,       7.870937838
      0.1024587128,      0.8063451651,       7.869952131
      0.1024789583,      0.8064119419,       7.869048977
      0.1024979244,      0.8064752674,       7.868210722
      0.1025159596,      0.8065369286,        7.86742798
      0.1025331331,      0.8065976213,       7.866702177
       0.102549378,      0.8066569939,       7.866034977
         0.1025645,      0.8067134397,       7.865425558
        0.10257856,      0.8067668623,       7.864868277
      0.1025916821,      0.8068176756,       7.864357604
      0.1026038604,      0.8068655453,       7.863890719
      0.1026151275,      0.8069102559,       7.863462974
      0.1026255405,      0.8069517818,       7.863069736
      0.1026350927,      0.8069896853,       7.862707227
      0.1026439372,      0.8070247543,       7.862371385
      0.1026521059,      0.8070571218,       7.862061031
      0.1026596139,       0.807086854,       7.861775665
      0.1026664613,      0.8071137962,       7.861513738
      0.1026726463,      0.8071377955,       7.861273909
      0.1026782336,      0.8071591314,       7.861053925
      0.1026832976,      0.8071781484,       7.860851448
      0.1026878781,      0.8071950086,       7.860664994
      0.1026920046,      0.8072098577,       7.860493727
      0.1026957266,      0.8072229618,       7.860336435
      0.1026990857,      0.8072345436,       7.860192114
      0.1027021154,      0.8072447773,       7.860059886
      0.1027048439,      0.8072537983,       7.859938902
      0.1027073171,      0.8072618323,       7.859827858
      0.1027095658,      0.8072690375,       7.859725929
      0.1027116007,       0.807275468,       7.859632821
       0.102713437,      0.8072811912,       7.859548031
      0.1027150913,       0.807286278,       7.859470967
      0.1027165798,      0.8072907917,       7.859401015
      0.1027179175,      0.8072947886,       7.859337574
      0.1027191188,      0.8072983265,       7.859280101
      0.1027201975,      0.8073014641,       7.859228114
      0.1027211657,      0.8073042522,       7.859181179
      0.1027220271,      0.8073066837,       7.859138944
      0.1027227835,      0.8073087462,       7.859101153
      0.1027234526,      0.8073105313,       7.859067337
      0.1027240569,      0.8073121492,       7.859036855
      0.1027246064,      0.8073136449,       7.859009379
      0.1027251029,      0.8073150243,        7.85898482
      0.1027255468,      0.8073162773,       7.858963058
      0.1027259406,      0.8073174011,       7.858943865
       0.102726291,       0.807318417,       7.858926955
       0.102726605,      0.8073193544,       7.858912057
      0.1027268875,      0.8073202292,       7.858898956
      0.1027271412,      0.8073210434,       7.858887477
      0.1027273677,      0.8073217951,       7.858877469
      0.1027275685,      0.8073224825,       7.858868794
      0.1027277457,      0.8073231073,       7.858861323
      0.1027279013,      0.8073236736,       7.858854931
      0.1027280373,      0.8073241843,       7.858849501
      0.1027281552,      0.8073246422,       7.858844932
      0.1027282569,      0.8073250506,        7.85884113
      0.1027283439,      0.8073254138,       7.858838009
      0.1027284179,      0.8073257365,       7.858835489
      0.1027284803,      0.8073260229,       7.858833502
      0.1027285323,      0.8073262757,       7.858831986
      0.1027285748,       0.807326497,       7.858830887
      0.1027286088,      0.8073266885,       7.858830153
      0.1027286351,      0.8073268526,       7.858829739
      0.1027286546,       0.807326992,       7.858829602
      0.1027286683,      0.8073271097,       7.858829705
      0.1027286768,      0.8073272084,       7.858830012
       0.102728681,      0.8073272904,       7.858830493
      0.1027286813,       0.807327358,       7.858831121
      0.1027286785,      0.8073274127,       7.858831872
      0.1027286729,      0.8073274561,       7.858832724
      0.1027286649,      0.8073274893,       7.858833657
      0.1027286549,      0.8073275134,       7.858834656
      0.1027286433,      0.8073275295,       7.858835705
      0.1027286302,      0.8073275384,        7.85883679
       0.102728616,       0.807327541,       7.858837899
       0.102728601,      0.8073275382,       7.858839023
      0.1027285853,      0.8073275307,       7.858840152
      0.1027285691,      0.8073275192,       7.858841279
      0.1027285526,      0.8073275045,       7.858842397
      0.1027285359,       0.807327487,         7.8588435
      0.1027285192,      0.8073274671,       7.858844585
      0.1027285026,      0.8073274455,       7.858845647
      0.1027284861,      0.8073274223,       7.858846682
      0.1027284699,      0.8073273979,       7.858847689
      0.1027284539,      0.8073273726,       7.858848665
      0.1027284382,      0.8073273466,       7.858849609
       0.102728423,      0.8073273202,       7.858850519
      0.1027284081,      0.8073272935,       7.858851395
      0.1027283937,      0.8073272668,       7.858852236
      0.1027283798,      0.8073272402,       7.858853042
      0.1027283664,      0.8073272138,       7.858853814
      0.1027283534,      0.8073271879,       7.858854551
       0.102728341,      0.8073271624,       7.858855253
      0.1027283291,      0.8073271375,       7.858855922
      0.1027283177,      0.8073271132,       7.858856558
      0.1027283068,      0.8073270896,       7.858857162
      0.1027282964,      0.8073270667,       7.858857734
      0.1027282865,      0.8073270446,       7.858858276
      0.1027282771,      0.8073270233,       7.858858789
      0.1027282682,      0.8073270028,       7.858859273
      0.1027282597,      0.8073269831,        7.85885973
      0.1027282516,      0.8073269643,       7.858860161
       0.102728244,      0.8073269462,       7.858860567
      0.1027282369,       0.807326929,       7.858860949
      0.1027282301,      0.8073269126,       7.858861308
      0.1027282237,       0.807326897,       7.858861645
      0.1027282177,      0.8073268821,       7.858861962
       0.102728212,      0.8073268681,       7.858862258
      0.1027282067,      0.8073268547,       7.858862536
      0.1027282017,      0.8073268421,       7.858862796
       0.102728197,      0.8073268301,       7.858863039
      0.1027281926,      0.8073268188,       7.858863266
      0.1027281884,      0.8073268082,       7.858863478
      0.1027281846,      0.8073267981,       7.858863675
       0.102728181,      0.8073267887,       7.858863859
      0.1027281776,      0.8073267798,       7.858864031
      0.1027281744,      0.8073267715,       7.858864191
      0.1027281715,      0.8073267636,       7.858864339
      0.1027281688,      0.8073267563,       7.858864477
      0.1027281662,      0.8073267494,       7.858864605
      0.1027281638,       0.807326743,       7.858864724
      0.1027281616,       0.807326737,       7.858864835
      0.1027281596,      0.8073267313,       7.858864937
      0.1027281577,      0.8073267261,       7.858865031
      0.1027281559,      0.8073267212,       7.858865119
      0.1027281543,      0.8073267166,         7.8588652
      0.1027281528,      0.8073267124,       7.858865274
      0.1027281513,      0.8073267084,       7.858865343
        0.10272815,      0.8073267047,       7.858865407
      0.1027281488,      0.8073267013,       7.858865466
      0.1027281477,      0.8073266981,       7.858865519
      0.1027281467,      0.8073266952,       7.858865569
      0.1027281458,      0.8073266924,       7.858865615
      0.1027281449,      0.8073266899,       7.858865657
      0.1027281441,      0.8073266876,       7.858865695
      0.1027281434,      0.8073266854,       7.858865731
      0.1027281427,      0.8073266834,       7.858865763
      0.1027281421,      0.8073266816,       7.858865792
      0.1027281415,      0.8073266799,        7.85886582
       0.102728141,      0.8073266783,       7.858865844
      0.1027281405,      0.8073266768,       7.858865867
        0.10272814,      0.8073266755,       7.858865888
      0.1027281396,      0.8073266743,       7.858865906
