VARIABLES = \
       "CD"       ,       "CL"       ,      "CEff"      
      0.1838455128,      0.7310256298,         3.9763039
      0.1543535792,      0.8040344126,       5.209042878
      0.1485606852,       0.809111633,       5.446337514
      0.1455846627,      0.8142120507,        5.59270486
         0.1447146,       0.818410847,       5.655344013
      0.1440750974,      0.8202254225,       5.693040903
      0.1438088463,      0.8208307455,       5.707790352
      0.1440775722,      0.8223481453,       5.707676307
      0.1447472059,      0.8250462455,       5.699911374
      0.1455906967,      0.8282774498,       5.689082261
      0.1464785461,      0.8314848787,       5.676495984
      0.1473010671,      0.8341387482,       5.662815379
      0.1480258702,      0.8361314127,       5.648549215
      0.1487017507,      0.8377628667,       5.633846695
      0.1494069569,      0.8394870743,        5.61879508
      0.1501212755,      0.8412604564,       5.603872294
      0.1508077074,      0.8429141399,       5.589330642
       0.151422205,      0.8441384842,       5.574733799
      0.1519448242,      0.8448004196,       5.559915738
      0.1525510902,      0.8458626042,       5.544782429
      0.1532123879,      0.8473260829,       5.530401912
      0.1538514256,      0.8487991804,       5.517005626
      0.1544651861,      0.8501526044,       5.503846049
      0.1550204777,      0.8512128201,       5.490970177
      0.1555290842,      0.8521128873,       5.478800904
      0.1560270182,      0.8529893696,       5.466933736
      0.1564684073,      0.8536033178,       5.455435588
      0.1569376464,      0.8542978757,       5.443549686
      0.1573806401,      0.8549069626,        5.43209738
      0.1578132828,      0.8554781381,       5.420824678
      0.1582755489,      0.8562284917,         5.4097332
      0.1587408233,      0.8570960225,       5.399342178
      0.1591733194,      0.8579578953,       5.390086092
      0.1595499852,      0.8586064666,       5.381426177
      0.1598594186,      0.8589130942,       5.372927675
      0.1601015521,      0.8588702429,       5.364534144
      0.1603145676,      0.8586481492,       5.356020741
      0.1605537178,      0.8585813069,       5.347626444
      0.1608325249,      0.8587476476,       5.339390451
      0.1611383762,      0.8591290606,       5.331622925
       0.161410371,      0.8594794851,       5.324809552
      0.1616551377,      0.8597623571,       5.318496953
      0.1618766158,      0.8599398085,       5.312316446
      0.1620841293,      0.8600612513,       5.306264437
      0.1622799021,      0.8601350451,       5.300317748
      0.1624652978,      0.8601647525,       5.294452194
      0.1626531394,      0.8602435382,       5.288822223
      0.1628348614,      0.8603510368,       5.283580122
       0.163017833,      0.8605247261,       5.278715282
      0.1632039148,      0.8607465657,       5.274055875
      0.1633840892,      0.8609915712,       5.269739393
      0.1635509655,       0.861223163,       5.265778533
      0.1637123076,      0.8614656766,        5.26207033
       0.163868164,      0.8617042667,        5.25852152
      0.1640174479,      0.8619328293,       5.255128892
      0.1641579344,      0.8621375981,       5.251878936
      0.1642780595,      0.8622689523,       5.248838188
      0.1643801052,      0.8623359481,       5.245987323
      0.1644626754,      0.8623368786,        5.24335918
      0.1645316461,      0.8622920661,       5.240888829
       0.164593795,      0.8622272406,       5.238516074
      0.1646523904,      0.8621671904,       5.236287115
      0.1647091786,       0.862125412,       5.234228105
      0.1647666343,      0.8621165819,        5.23234929
      0.1648275234,      0.8621534423,       5.230640031
      0.1648917205,      0.8622319029,       5.229079422
      0.1649571103,      0.8623389948,       5.227655803
      0.1650209202,      0.8624589171,       5.226361096
      0.1650807431,      0.8625800379,       5.225200842
      0.1651320257,      0.8626744207,       5.224149688
      0.1651742991,       0.862738183,       5.223198692
      0.1652115405,      0.8627857151,       5.222309003
      0.1652444324,      0.8628200406,       5.221477225
      0.1652726556,      0.8628403711,       5.220708581
      0.1652966861,      0.8628484235,       5.219998317
        0.16531728,      0.8628476325,       5.219343268
      0.1653348908,      0.8628387408,       5.218733546
      0.1653498799,      0.8628227745,       5.218163903
      0.1653626664,      0.8628017509,       5.217633277
      0.1653739987,      0.8627793533,         5.2171403
      0.1653841589,      0.8627569406,       5.216684273
       0.165393254,      0.8627347159,       5.216263027
      0.1654013039,       0.862712328,       5.215873802
       0.165408404,      0.8626899602,       5.215514686
      0.1654146893,      0.8626681052,       5.215184388
      0.1654202996,      0.8626473825,       5.214882241
      0.1654253734,      0.8626282769,         5.2146068
      0.1654300469,       0.862611224,         5.2143564
      0.1654343195,      0.8625960333,       5.214129909
      0.1654381774,      0.8625822491,       5.213925001
      0.1654415682,      0.8625692313,       5.213739453
      0.1654444811,      0.8625566708,       5.213571736
      0.1654469446,      0.8625444795,       5.213420422
      0.1654490083,      0.8625326951,       5.213284166
      0.1654507145,      0.8625213151,       5.213161622
      0.1654520957,      0.8625103064,       5.213051566
      0.1654531869,      0.8624996645,       5.212952864
      0.1654540312,      0.8624894486,       5.212864519
      0.1654546698,      0.8624797285,       5.212785649
      0.1654551251,      0.8624704926,       5.212715486
      0.1654554238,        0.86246176,       5.212653294
      0.1654555933,      0.8624535597,       5.212598391
      0.1654556558,      0.8624459012,       5.212550136
      0.1654556293,      0.8624387794,       5.212507929
      0.1654555293,      0.8624321848,       5.212471222
      0.1654553696,      0.8624261059,       5.212439513
      0.1654551619,      0.8624205283,       5.212412343
       0.165454916,      0.8624154314,       5.212389284
      0.1654546396,      0.8624107896,       5.212369937
       0.165454339,      0.8624065736,       5.212353927
      0.1654540194,       0.862402753,       5.212340905
      0.1654536852,      0.8623992971,       5.212330546
      0.1654533403,      0.8623961764,        5.21232255
      0.1654529881,      0.8623933632,       5.212316641
      0.1654526317,      0.8623908318,       5.212312569
      0.1654522738,      0.8623885587,       5.212310105
      0.1654519169,      0.8623865223,       5.212309042
       0.165451563,       0.862384703,       5.212309194
      0.1654512141,      0.8623830826,       5.212310391
      0.1654508718,      0.8623816444,       5.212312483
      0.1654505374,       0.862380373,       5.212315334
       0.165450212,      0.8623792542,       5.212318822
      0.1654498966,      0.8623782747,       5.212322838
      0.1654495919,      0.8623774225,       5.212327286
      0.1654492985,      0.8623766862,       5.212332079
      0.1654490168,      0.8623760553,       5.212337141
      0.1654487471,      0.8623755201,       5.212342405
      0.1654484894,      0.8623750716,        5.21234781
      0.1654482439,      0.8623747012,       5.212353306
      0.1654480105,      0.8623744011,       5.212358847
       0.165447789,       0.862374164,       5.212364392
      0.1654475792,      0.8623739831,       5.212369908
      0.1654473809,      0.8623738523,       5.212375364
      0.1654471938,      0.8623737656,       5.212380736
      0.1654470175,       0.862373718,       5.212386002
      0.1654468517,      0.8623737044,       5.212391144
      0.1654466959,      0.8623737206,       5.212396148
      0.1654465499,      0.8623737626,       5.212401002
      0.1654464132,      0.8623738267,       5.212405696
      0.1654462855,      0.8623739098,       5.212410224
      0.1654461662,      0.8623740088,        5.21241458
       0.165446055,      0.8623741212,       5.212418761
      0.1654459516,      0.8623742446,       5.212422766
      0.1654458555,       0.862374377,       5.212426595
      0.1654457663,      0.8623745164,       5.212430247
      0.1654456837,      0.8623746612,       5.212433725
      0.1654456073,      0.8623748098,       5.212437031
      0.1654455367,      0.8623749611,       5.212440168
      0.1654454716,      0.8623751138,       5.212443141
      0.1654454117,      0.8623752669,       5.212445954
      0.1654453566,      0.8623754195,       5.212448611
      0.1654453061,      0.8623755709,       5.212451118
      0.1654452598,      0.8623757204,        5.21245348
      0.1654452175,      0.8623758674,       5.212455702
      0.1654451789,      0.8623760115,        5.21245779
      0.1654451437,      0.8623761523,        5.21245975
      0.1654451117,      0.8623762893,       5.212461587
      0.1654450827,      0.8623764225,       5.212463306
      0.1654450564,      0.8623765514,       5.212464913
      0.1654450326,      0.8623766761,       5.212466415
      0.1654450112,      0.8623767963,       5.212467815
       0.165444992,       0.862376912,        5.21246912
      0.1654449748,      0.8623770232,       5.212470334
      0.1654449595,      0.8623771298,       5.212471463
      0.1654449458,      0.8623772319,       5.212472511
      0.1654449337,      0.8623773295,       5.212473482
       0.165444923,      0.8623774226,       5.212474382
      0.1654449136,      0.8623775113,       5.212475215
      0.1654449053,      0.8623775958,       5.212475984
      0.1654448982,       0.862377676,       5.212476694
      0.1654448921,      0.8623777522,       5.212477348
      0.1654448868,      0.8623778245,        5.21247795
      0.1654448824,      0.8623778929,       5.212478504
      0.1654448786,      0.8623779576,       5.212479012
      0.1654448756,      0.8623780187,       5.212479478
      0.1654448731,      0.8623780764,       5.212479905
      0.1654448712,      0.8623781308,       5.212480295
      0.1654448697,       0.862378182,       5.212480651
      0.1654448686,      0.8623782302,       5.212480975
       0.165444868,      0.8623782755,        5.21248127
      0.1654448676,       0.862378318,       5.212481539
      0.1654448675,      0.8623783579,       5.212481782
      0.1654448677,      0.8623783953,       5.212482002
      0.1654448681,      0.8623784303,       5.212482201
      0.1654448687,       0.862378463,        5.21248238
      0.1654448695,      0.8623784936,       5.212482541
      0.1654448703,      0.8623785221,       5.212482686
      0.1654448713,      0.8623785488,       5.212482816
      0.1654448724,      0.8623785736,       5.212482931
      0.1654448736,      0.8623785967,       5.212483034
      0.1654448748,      0.8623786182,       5.212483126
      0.1654448761,      0.8623786382,       5.212483207
      0.1654448774,      0.8623786567,       5.212483278
      0.1654448787,      0.8623786739,        5.21248334
        0.16544488,      0.8623786899,       5.212483395
      0.1654448814,      0.8623787046,       5.212483442
      0.1654448827,      0.8623787183,       5.212483483
       0.165444884,      0.8623787309,       5.212483518
      0.1654448853,      0.8623787426,       5.212483547
      0.1654448866,      0.8623787534,       5.212483572
      0.1654448878,      0.8623787633,       5.212483593
      0.1654448891,      0.8623787725,       5.212483609
      0.1654448902,      0.8623787809,       5.212483623
      0.1654448914,      0.8623787886,       5.212483633
      0.1654448925,      0.8623787957,       5.212483641
      0.1654448936,      0.8623788022,       5.212483646
      0.1654448946,      0.8623788082,       5.212483649
      0.1654448956,      0.8623788137,       5.212483651
      0.1654448966,      0.8623788187,       5.212483651
      0.1654448975,      0.8623788232,        5.21248365
      0.1654448984,      0.8623788274,       5.212483647
      0.1654448992,      0.8623788312,       5.212483643
         0.1654449,      0.8623788347,       5.212483639
      0.1654449008,      0.8623788378,       5.212483634
      0.1654449015,      0.8623788406,       5.212483628
      0.1654449022,      0.8623788432,       5.212483622
      0.1654449029,      0.8623788456,       5.212483616
