VARIABLES = \
       "CD"       ,       "CL"       ,      "CEff"      
     0.08737754623,      0.5386738048,       6.164899658
      0.0556781584,      0.5544081991,       9.957373142
     0.05348969103,      0.5445896903,       10.18120837
       0.051757597,       0.544545133,       10.52106675
     0.05118361621,      0.5444131101,       10.63647218
     0.05103183067,      0.5454265017,        10.6879666
     0.05116498855,      0.5472104034,       10.69501663
     0.05138070897,      0.5491712326,       10.68827666
     0.05167133751,      0.5512700736,       10.66877887
     0.05198399273,      0.5534881695,       10.64728083
     0.05229356444,      0.5557483247,       10.62747072
     0.05259097609,      0.5579723765,       10.60966002
     0.05287217604,       0.560045738,       10.59244729
     0.05312544262,      0.5618367918,       10.57566326
     0.05335190387,      0.5633651856,       10.55942047
     0.05355709813,      0.5647066491,       10.54401132
     0.05375493319,      0.5659727993,       10.52876017
     0.05394568212,      0.5671645761,       10.51362322
     0.05412628491,      0.5682752483,        10.4990625
     0.05429278376,      0.5692831067,       10.48542858
     0.05444602869,      0.5701783503,       10.47235885
       0.054586515,      0.5709674121,       10.45986197
     0.05471395789,      0.5716553724,       10.44807202
     0.05482925119,      0.5722636252,       10.43719571
     0.05493760403,      0.5728373377,       10.42705352
     0.05504345737,      0.5734067653,       10.41734645
     0.05514904959,      0.5739907694,       10.40799023
     0.05525136412,      0.5745768964,       10.39932508
     0.05535106195,         0.5751595,       10.39111952
     0.05544502431,      0.5757170589,       10.38356581
     0.05553142674,      0.5762308411,       10.37666192
     0.05560986143,      0.5766906635,       10.37029492
     0.05568143275,       0.577102196,       10.36435608
     0.05574757229,      0.5774748364,       10.35874412
     0.05580788133,      0.5778062934,       10.35348914
       0.055862389,      0.5780949939,        10.3485548
     0.05591171943,      0.5783447906,       10.34389206
     0.05595629692,      0.5785634711,       10.33955967
      0.0559971212,      0.5787607449,       10.33554462
     0.05603535397,      0.5789453222,       10.33178665
     0.05607062533,      0.5791131631,        10.3282808
     0.05610238651,      0.5792617795,       10.32508268
     0.05613072423,      0.5793914294,       10.32217983
     0.05615663434,      0.5795075977,       10.31948593
     0.05618014036,      0.5796107301,       10.31700395
     0.05620120427,      0.5796996569,       10.31471949
     0.05621974873,      0.5797713936,       10.31259311
     0.05623606174,      0.5798284883,        10.3106169
     0.05625050262,      0.5798747372,        10.3087921
     0.05626333039,      0.5799124497,       10.30711203
     0.05627464877,      0.5799428104,        10.3055785
     0.05628470724,      0.5799676003,       10.30417726
     0.05629374167,      0.5799885084,       10.30289498
     0.05630189484,      0.5800065464,       10.30172338
     0.05630927692,      0.5800224206,       10.30065475
     0.05631596911,      0.5800364991,       10.29968068
     0.05632203448,      0.5800489169,       10.29879198
     0.05632751703,      0.5800596888,        10.2979808
     0.05633244992,      0.5800687993,       10.29724076
     0.05633685639,      0.5800763791,       10.29656989
     0.05634084717,      0.5800831033,        10.2959599
     0.05634442928,       0.580088913,       10.29540844
     0.05634757469,      0.5800933538,       10.29491255
     0.05635028978,      0.5800962066,       10.29446714
     0.05635260275,      0.5800974935,       10.29406745
     0.05635456054,      0.5800974529,        10.2937091
     0.05635621899,      0.5800964163,       10.29338779
     0.05635761111,      0.5800945346,       10.29310014
     0.05635877108,      0.5800919696,       10.29284277
     0.05635972997,      0.5800888758,       10.29261276
      0.0563605147,      0.5800853868,       10.29240755
     0.05636114873,      0.5800816139,       10.29222482
     0.05636165235,      0.5800776471,       10.29206247
     0.05636204292,      0.5800735573,       10.29191859
     0.05636233545,       0.580069402,       10.29179145
      0.0563625431,       0.580065227,       10.29167946
      0.0563626773,      0.5800610686,       10.29158117
     0.05636274801,      0.5800569539,       10.29149526
     0.05636276416,      0.5800529051,       10.29142048
      0.0563627337,        0.58004894,       10.29135569
     0.05636266384,      0.5800450735,       10.29129984
       0.056362561,      0.5800413178,       10.29125199
     0.05636243077,      0.5800376814,       10.29121125
     0.05636227799,      0.5800341692,       10.29117683
      0.0563621068,      0.5800307835,       10.29114802
     0.05636192071,      0.5800275239,       10.29112416
     0.05636172283,      0.5800243893,       10.29110467
     0.05636151601,      0.5800213792,       10.29108903
     0.05636130282,      0.5800184935,       10.29107676
     0.05636108558,      0.5800157319,       10.29106742
     0.05636086633,      0.5800130941,       10.29106066
     0.05636064677,      0.5800105792,       10.29105613
     0.05636042841,      0.5800081855,       10.29105353
      0.0563602125,      0.5800059106,       10.29105259
     0.05636000009,      0.5800037518,       10.29105307
     0.05635979207,      0.5800017059,       10.29105475
     0.05635958918,      0.5799997697,       10.29105744
     0.05635939204,      0.5799979398,       10.29106097
     0.05635920119,       0.579996213,       10.29106518
     0.05635901704,       0.579994586,       10.29106994
     0.05635883991,      0.5799930555,       10.29107513
        0.05635867,      0.5799916176,       10.29108064
     0.05635850743,      0.5799902687,       10.29108639
     0.05635835223,      0.5799890046,        10.2910923
     0.05635820434,      0.5799878211,       10.29109831
     0.05635806364,      0.5799867139,       10.29110435
     0.05635793001,      0.5799856788,       10.29111039
     0.05635780325,      0.5799847117,       10.29111637
     0.05635768318,      0.5799838088,       10.29112228
     0.05635756961,      0.5799829663,       10.29112807
     0.05635746232,      0.5799821808,       10.29113372
     0.05635736111,       0.579981449,       10.29113922
     0.05635726576,      0.5799807679,       10.29114454
     0.05635717605,      0.5799801344,       10.29114968
     0.05635709174,      0.5799795457,       10.29115463
      0.0563570126,       0.579978999,       10.29115938
     0.05635693839,      0.5799784916,       10.29116393
     0.05635686888,      0.5799780211,       10.29116827
     0.05635680383,       0.579977585,       10.29117241
     0.05635674302,       0.579977181,       10.29117635
     0.05635668621,       0.579976807,       10.29118009
     0.05635663318,      0.5799764609,       10.29118363
     0.05635658373,      0.5799761408,       10.29118698
     0.05635653765,      0.5799758449,       10.29119015
     0.05635649474,      0.5799755715,       10.29119313
     0.05635645481,      0.5799753189,       10.29119594
     0.05635641769,      0.5799750858,       10.29119858
     0.05635638319,      0.5799748706,       10.29120106
     0.05635635115,      0.5799746722,       10.29120339
     0.05635632143,      0.5799744892,       10.29120557
     0.05635629387,      0.5799743206,       10.29120761
     0.05635626832,      0.5799741652,       10.29120952
     0.05635624467,      0.5799740222,        10.2912113
     0.05635622277,      0.5799738905,       10.29121297
     0.05635620252,      0.5799737694,       10.29121451
      0.0563561838,      0.5799736579,       10.29121596
     0.05635616651,      0.5799735555,        10.2912173
     0.05635615054,      0.5799734613,       10.29121854
     0.05635613581,      0.5799733748,        10.2912197
     0.05635612222,      0.5799732954,       10.29122077
      0.0563561097,      0.5799732224,       10.29122176
     0.05635609816,      0.5799731555,       10.29122268
     0.05635608754,       0.579973094,       10.29122353
     0.05635607776,      0.5799730377,       10.29122431
     0.05635606877,       0.579972986,       10.29122504
     0.05635606051,      0.5799729386,       10.29122571
     0.05635605291,      0.5799728952,       10.29122632
     0.05635604594,      0.5799728554,       10.29122689
     0.05635603955,       0.579972819,       10.29122741
     0.05635603368,      0.5799727857,       10.29122789
      0.0563560283,      0.5799727551,       10.29122833
     0.05635602337,      0.5799727272,       10.29122874
     0.05635601886,      0.5799727016,       10.29122911
     0.05635601473,      0.5799726783,       10.29122945
     0.05635601095,      0.5799726569,       10.29122976
     0.05635600749,      0.5799726373,       10.29123004
     0.05635600433,      0.5799726194,        10.2912303
     0.05635600145,      0.5799726031,       10.29123054
     0.05635599882,      0.5799725882,       10.29123075
     0.05635599641,      0.5799725745,       10.29123095
     0.05635599422,      0.5799725621,       10.29123113
     0.05635599222,      0.5799725507,       10.29123129
      0.0563559904,      0.5799725403,       10.29123144
     0.05635598875,      0.5799725309,       10.29123158
     0.05635598724,      0.5799725222,        10.2912317
     0.05635598587,      0.5799725143,       10.29123181
     0.05635598462,      0.5799725071,       10.29123191
     0.05635598349,      0.5799725006,         10.291232
     0.05635598246,      0.5799724946,       10.29123208
     0.05635598153,      0.5799724891,       10.29123215
     0.05635598068,      0.5799724841,       10.29123222
     0.05635597991,      0.5799724796,       10.29123228
     0.05635597922,      0.5799724754,       10.29123233
     0.05635597859,      0.5799724716,       10.29123238
     0.05635597802,      0.5799724682,       10.29123242
      0.0563559775,      0.5799724651,       10.29123246
     0.05635597703,      0.5799724622,        10.2912325
     0.05635597661,      0.5799724596,       10.29123253
     0.05635597623,      0.5799724572,       10.29123255
     0.05635597589,       0.579972455,       10.29123258
