VARIABLES = \
       "CD"       ,       "CL"       ,      "CEff"      
      0.1167618914,      0.4345454633,       3.721637753
     0.07566375678,      0.5506104371,        7.27706977
     0.07507101815,      0.5914364595,       7.878359373
     0.07290267168,      0.5987376924,       8.212836081
     0.07124183853,      0.5949262124,       8.350798137
     0.07012788222,       0.593199269,       8.458821943
      0.0699870337,      0.5963796757,       8.521288076
     0.07046694239,      0.6018687457,       8.541150295
     0.07119734145,      0.6074824446,       8.532375399
     0.07204786987,      0.6130376672,        8.50875492
     0.07312807366,      0.6199049249,       8.476975994
     0.07440159614,      0.6278686834,       8.438914163
     0.07554161882,      0.6343800709,       8.397755844
     0.07654161672,      0.6394855579,        8.35474328
     0.07774498994,      0.6460281452,       8.309579122
     0.07911828083,      0.6537100662,       8.262440227
     0.08046966651,      0.6611425324,       8.216046631
     0.08176389767,      0.6681640036,       8.171870747
     0.08330472388,      0.6768647396,       8.125166354
     0.08475071075,      0.6847388262,       8.079446416
     0.08590486035,      0.6904900804,       8.037846491
      0.0863056508,      0.6908001794,       8.004112975
     0.08626627603,      0.6875576241,       7.970178565
     0.08562273224,      0.6796813889,       7.938095073
     0.08436577304,      0.6673594129,       7.910309938
     0.08297562123,      0.6538412513,       7.879919928
     0.08164739317,      0.6402770004,       7.841977257
     0.08049512437,      0.6275514393,       7.796142241
     0.07953105034,        0.61591271,       7.744304989
     0.07886127678,      0.6068275644,       7.694873698
     0.07854142326,      0.6012092209,       7.654676932
     0.07851963454,      0.5987856758,       7.625935594
     0.07855353913,      0.5974209086,       7.605270433
      0.0786775335,         0.5971288,       7.589571933
     0.07895826773,      0.5981577099,       7.575618452
     0.07941663251,       0.600613569,       7.562818392
     0.08001036253,      0.6042019485,       7.551546192
     0.08065625087,      0.6082759444,        7.54158466
     0.08128937572,      0.6123726933,       7.533243894
     0.08188599354,      0.6162183534,       7.525320592
     0.08245443333,      0.6199389353,       7.518564014
      0.0829102742,      0.6227990305,       7.511723203
     0.08314083174,      0.6239373076,       7.504583423
      0.0831275835,      0.6231650897,       7.496489896
      0.0829781687,      0.6213763788,        7.48843206
     0.08274913344,       0.618913314,       7.479393297
     0.08247107295,      0.6160189886,       7.469515875
     0.08218361682,      0.6129838047,       7.458710488
     0.08191361047,      0.6099969534,       7.446832705
     0.08167648865,      0.6072691665,        7.43505477
      0.0814821545,      0.6049480523,       7.424301137
     0.08132740633,      0.6030514691,       7.415107605
     0.08120907634,       0.601578823,       7.407778172
     0.08111614004,      0.6004625234,       7.402503658
     0.08106353624,      0.5997835337,       7.398931277
     0.08106669347,      0.5996244591,        7.39668085
     0.08113736709,      0.6000460398,       7.395433957
     0.08126805652,      0.6009531617,       7.394703251
     0.08144589269,      0.6022609643,       7.394614319
     0.08165536022,      0.6038514991,       7.395123816
     0.08187088974,      0.6054928618,        7.39570394
     0.08207403044,      0.6070395231,        7.39624361
     0.08225836794,      0.6084602843,       7.396940877
     0.08242838743,       0.609776249,       7.397648651
     0.08259257991,      0.6110437638,        7.39828886
     0.08274026192,      0.6121567772,       7.398535646
     0.08285795201,      0.6130026413,       7.398235491
     0.08294465713,      0.6135798195,       7.397460436
     0.08300396245,      0.6139635916,        7.39679858
     0.08304086323,      0.6141787799,       7.396103028
     0.08304798476,      0.6141478865,       7.395096802
     0.08301420593,       0.613786326,       7.393750493
     0.08293432224,      0.6130585028,       7.392096375
     0.08281514597,      0.6120158642,       7.390144122
     0.08267317822,      0.6107858373,       7.387956415
     0.08252172892,      0.6094706995,        7.38557841
     0.08237208332,      0.6081698353,       7.383203275
     0.08223003902,      0.6069378185,       7.380974468
     0.08209647732,      0.6057845278,       7.378934489
     0.08197272415,      0.6047281313,         7.3771872
     0.08186684003,      0.6038218414,       7.375658339
     0.08178738802,      0.6031509642,       7.374620694
     0.08174210541,      0.6027645828,       7.373979173
     0.08172918723,      0.6026563235,       7.373820099
     0.08174339727,      0.6027818797,       7.374074235
     0.08177567848,      0.6030616927,       7.374585011
     0.08181410813,      0.6034124152,       7.375407848
     0.08186256712,      0.6038555406,       7.376454977
     0.08192269155,      0.6043923118,        7.37759344
     0.08199432065,      0.6050145306,       7.378737037
      0.0820739589,      0.6056945072,       7.379862204
     0.08215583895,      0.6063882964,        7.38095191
     0.08223481556,      0.6070567036,       7.381991429
     0.08230702642,      0.6076673858,        7.38293451
      0.0823691656,      0.6081890206,       7.383697725
     0.08241150392,       0.608554313,       7.384336944
     0.08243740199,      0.6087872448,       7.384842682
     0.08245094909,      0.6089112761,        7.38513362
     0.08245311624,      0.6089356468,       7.385235084
     0.08244520446,       0.608873067,       7.385184754
     0.08242757987,      0.6087270236,       7.384992069
     0.08240111925,      0.6085049881,       7.384668966
     0.08236860273,      0.6082307614,       7.384254937
      0.0823327047,      0.6079261977,       7.383775377
     0.08229541345,      0.6076094753,       7.383272649
     0.08225851059,      0.6072972047,       7.382788727
     0.08222343926,      0.6070013399,       7.382339457
     0.08219060115,      0.6067251731,        7.38192889
     0.08215989921,       0.606467884,       7.381555843
      0.0821315643,      0.6062315999,       7.381225538
     0.08210659649,      0.6060239468,        7.38094103
     0.08208615666,      0.6058519445,        7.38068353
      0.0820694203,      0.6057129508,       7.380495056
     0.08205604471,      0.6056051708,       7.380384625
     0.08204641987,      0.6055299991,       7.380334207
     0.08204137497,      0.6054931132,       7.380338438
     0.08204141881,      0.6054984227,       7.380399212
     0.08204665111,      0.6055467232,       7.380517242
      0.0820571744,      0.6056391156,       7.380696692
     0.08207219347,      0.6057688898,       7.380927257
     0.08209021039,      0.6059247744,       7.381206255
     0.08211017592,      0.6060983211,       7.381525059
     0.08213114202,      0.6062809512,       7.381864373
     0.08215218941,      0.6064643105,       7.382205085
     0.08217252093,      0.6066410101,       7.382528895
      0.0821914284,      0.6068049361,       7.382825045
     0.08220833549,      0.6069511817,       7.383085645
     0.08222271079,      0.6070752136,        7.38330332
     0.08223418335,      0.6071739926,       7.383474461
      0.0822424002,       0.607244733,       7.383596922
     0.08224711537,      0.6072855222,       7.383669561
     0.08224823326,      0.6072957332,       7.383693353
     0.08224575632,      0.6072749582,       7.383663126
     0.08223972883,      0.6072240696,       7.383585503
     0.08223038576,      0.6071458839,       7.383473618
     0.08221875124,      0.6070478848,         7.3833265
     0.08220551348,      0.6069359421,       7.383153713
     0.08219127865,      0.6068149485,       7.382960314
     0.08217644725,      0.6066882499,       7.382751022
     0.08216151098,      0.6065603047,       7.382535904
     0.08214687903,      0.6064360095,       7.382337792
     0.08213312764,      0.6063198879,        7.38215998
     0.08212088636,      0.6062169356,       7.382006728
     0.08211068792,      0.6061312759,       7.381880377
     0.08210303753,      0.6060670756,       7.381786276
     0.08209820935,      0.6060267097,       7.381728719
     0.08209627862,      0.6060108227,       7.381708804
     0.08209716651,      0.6060188367,       7.381726587
     0.08210083787,      0.6060505465,       7.381782722
     0.08210728147,      0.6061056862,       7.381874972
     0.08211592323,      0.6061793419,       7.381995088
     0.08212619545,      0.6062670763,       7.382140047
     0.08213770235,      0.6063654775,       7.382303864
     0.08214997258,      0.6064702867,       7.382477044
     0.08216245051,      0.6065766989,       7.382651018
      0.0821745671,      0.6066799068,        7.38281841
     0.08218577814,      0.6067753073,       7.382972103
     0.08219559661,      0.6068587811,        7.38310574
     0.08220361432,      0.6069268959,        7.38321424
     0.08220952828,       0.606977083,       7.383293587
     0.08221312646,      0.6070075342,        7.38334084
      0.0822143486,      0.6070177645,       7.383355519
     0.08221324937,      0.6070081638,        7.38333746
     0.08220981495,      0.6069787031,       7.383287549
     0.08220406248,      0.6069296049,       7.383206944
     0.08219658887,      0.6068659675,       7.383104042
     0.08218792831,      0.6067920529,       7.382982701
     0.08217844422,      0.6067109511,        7.38284786
     0.08216850184,      0.6066260113,       7.382707458
     0.08215846419,      0.6065404763,       7.382568337
     0.08214869968,      0.6064575427,       7.382436302
     0.08213960366,      0.6063804762,       7.382315585
     0.08213162005,      0.6063129603,       7.382211138
     0.08212511855,      0.6062580703,       7.382127186
     0.08212036912,      0.6062180095,         7.3820663
     0.08211753127,      0.6061941317,       7.382030637
     0.08211665165,      0.6061868487,       7.382021021
     0.08211768045,      0.6061957881,       7.382037398
     0.08212064214,      0.6062211702,       7.382080247
      0.0821254787,      0.6062623523,       7.382146952
     0.08213174139,      0.6063155749,       7.382232066
       0.082139058,       0.606377935,       7.382333689
     0.08214714858,       0.606446974,       7.382447042
      0.0821556702,       0.606519617,       7.382565506
     0.08216423421,      0.6065925255,        7.38268337
     0.08217245289,      0.6066624207,       7.382795565
     0.08217996007,      0.6067262016,       7.382897254
     0.08218642964,      0.6067811091,       7.382984171
     0.08219159685,      0.6068249137,       7.383052976
     0.08219526992,      0.6068559917,       7.383101147
     0.08219734315,       0.606873445,       7.383127261
     0.08219779765,      0.6068771019,       7.383130927
     0.08219663733,      0.6068669713,         7.3831119
     0.08219382137,      0.6068428254,       7.383071078
     0.08218945621,      0.6068056857,       7.383011322
     0.08218394817,      0.6067588704,       7.382936497
     0.08217762666,      0.6067049851,       7.382848712
     0.08217074934,      0.6066462929,       7.382752351
     0.08216359127,       0.606585265,       7.382652774
     0.08215645528,      0.6065245229,       7.382554673
     0.08214964572,      0.6064666442,       7.382462077
     0.08214345345,      0.6064140924,       7.382378838
     0.08213814398,      0.6063690996,        7.38230827
     0.08213393914,      0.6063335251,       7.382253079
     0.08213100039,      0.6063087266,       7.382215287
     0.08212942207,      0.6062954927,       7.382196019
     0.08212922314,      0.6062939773,        7.38219545
      0.0821303727,      0.6063039207,        7.38221319
      0.0821329247,      0.6063257631,       7.382249754
     0.08213674623,      0.6063582552,       7.382301869
     0.08214149318,      0.6063986081,       7.382366507
       0.082146926,      0.6064449246,       7.382442096
      0.0821528354,      0.6064953338,       7.382524668
     0.08215896658,      0.6065475761,       7.382609609
     0.08216504253,      0.6065992851,        7.38269301
     0.08217079104,      0.6066481561,        7.38277128
     0.08217595731,      0.6066920312,       7.382841054
     0.08218031899,       0.606729034,       7.382899476
     0.08218370315,      0.6067577029,       7.382944302
     0.08218598907,      0.6067770168,       7.382973955
     0.08218712627,        0.60678656,       7.382987916
     0.08218710091,      0.6067861728,       7.382985481
      0.0821859229,      0.6067759653,       7.382967105
     0.08218355943,        0.60675574,       7.382933329
     0.08218016978,      0.6067269139,       7.382887082
     0.08217603296,      0.6066917134,        7.38283039
      0.0821713538,      0.6066518107,       7.382765193
     0.08216632682,      0.6066089329,       7.382695033
     0.08216116693,      0.6065649657,       7.382623548
     0.08215609446,      0.6065217957,       7.382553902
     0.08215132366,       0.606481252,       7.382489106
     0.08214705767,       0.606445053,       7.382431826
     0.08214347758,      0.6064147223,       7.382384337
     0.08214072931,      0.6063914823,       7.382348408
     0.08213891391,      0.6063761835,       7.382325315
     0.08213808224,      0.6063692396,       7.382315524
     0.08213823222,      0.6063706452,       7.382319157
     0.08213934779,      0.6063802493,       7.382335819
     0.08214146892,      0.6063983671,       7.382365754
     0.08214443567,      0.6064235753,       7.382406007
     0.08214800542,       0.606453944,       7.382454886
     0.08215201516,      0.6064881418,       7.382510832
     0.08215630821,      0.6065247601,       7.382570776
     0.08216070056,      0.6065621796,       7.382631543
     0.08216499725,      0.6065987378,       7.382690416
     0.08216900715,      0.6066328163,       7.382744873
     0.08217255296,      0.6066629175,        7.38279262
     0.08217548386,      0.6066877705,        7.38283174
     0.08217768561,      0.6067064099,       7.382860754
     0.08217908936,      0.6067182636,       7.382878885
     0.08217965872,      0.6067230065,       7.382885448
     0.08217939267,      0.6067206195,       7.382880304
     0.08217829905,      0.6067112013,       7.382863947
      0.0821763711,      0.6066947442,       7.382836893
      0.0821737707,      0.6066726373,       7.382801496
     0.08217068174,      0.6066463292,       7.382758867
     0.08216724101,      0.6066169757,       7.382710776
     0.08216359314,      0.6065858664,       7.382659925
     0.08215989649,      0.6065543772,        7.38260883
     0.08215630838,      0.6065238533,       7.382559724
     0.08215298143,      0.6064955914,        7.38251468
     0.08215005829,      0.6064707974,       7.382475558
     0.08214766181,      0.6064505026,       7.382443873
     0.08214588674,      0.6064355017,       7.382420786
     0.08214479479,      0.6064263083,       7.382407002
      0.0821444104,      0.6064231294,       7.382402849
     0.08214472337,       0.606425885,       7.382408269
     0.08214573447,      0.6064345613,       7.382423022
     0.08214744906,       0.606449173,       7.382446807
     0.08214972229,      0.6064684902,       7.382477668
     0.08215239109,      0.6064912118,       7.382514419
     0.08215533543,      0.6065163271,       7.382555545
     0.08215843784,      0.6065427873,       7.382598833
     0.08216156903,      0.6065694601,       7.382642119
     0.08216459344,      0.6065951871,       7.382683486
     0.08216737719,      0.6066188357,       7.382721178
     0.08216979765,      0.6066393726,       7.382753639
     0.08217175239,      0.6066559372,         7.3827796
     0.08217316946,      0.6066679306,       7.382798236
     0.08217400148,      0.6066749429,        7.38280882
     0.08217422692,      0.6066767848,       7.382810981
     0.08217385873,      0.6066735725,       7.382804968
      0.0821728962,      0.6066653142,       7.382790948
     0.08217136245,      0.6066522433,        7.38276968
     0.08216939022,      0.6066354673,       7.382742718
      0.0821670966,      0.6066159161,       7.382710856
     0.08216457855,      0.6065944314,       7.382675626
     0.08216194396,      0.6065719713,       7.382638994
     0.08215930705,      0.6065495201,       7.382602675
     0.08215678096,      0.6065280406,       7.382568225
     0.08215447416,      0.6065084531,       7.382537096
     0.08215248519,      0.6064915888,       7.382510551
     0.08215089622,      0.6064781377,       7.382489609
     0.08214976816,      0.6064686097,          7.382475
     0.08214913734,      0.6064633053,        7.38246712
     0.08214901279,      0.6064623101,       7.382466198
     0.08214938333,      0.6064655277,       7.382472067
      0.0821502603,      0.6064730353,       7.382484646
     0.08215161551,       0.606484563,       7.382503182
     0.08215333619,      0.6064991918,       7.382526625
     0.08215531944,      0.6065160912,        7.38255411
     0.08215747332,      0.6065344624,       7.382584175
     0.08215970631,       0.606553502,       7.382615266
     0.08216192768,      0.6065724233,       7.382645957
     0.08216404502,      0.6065904322,       7.382674892
     0.08216596637,      0.6066067485,       7.382700836
     0.08216760742,      0.6066206643,       7.382722746
     0.08216890261,      0.6066316376,        7.38273992
     0.08216979791,      0.6066392047,       7.382751572
     0.08217026078,      0.6066430923,       7.382757296
     0.08217029077,      0.6066432969,       7.382757091
      0.0821699037,      0.6066399539,       7.382751185
     0.08216909042,      0.6066329908,       7.382739516
      0.0821678933,      0.6066227987,       7.382723036
     0.08216640928,       0.606610166,        7.38270263
     0.08216471417,      0.6065957083,       7.382678981
     0.08216287912,      0.6065800544,       7.382653346
     0.08216098429,      0.6065639081,       7.382627087
     0.08215911237,      0.6065479768,       7.382601386
     0.08215734394,      0.6065329453,       7.382577335
     0.08215575497,      0.6065194572,       7.382555945
     0.08215441268,      0.6065080796,       7.382538074
     0.08215337132,      0.6064992669,       7.382524383
     0.08215266912,       0.606493336,       7.382515291
      0.0821523262,       0.606490462,       7.382511124
     0.08215234331,      0.6064906554,       7.382511941
     0.08215271335,      0.6064938486,       7.382517556
     0.08215344815,      0.6065001267,       7.382527944
     0.08215450218,      0.6065090838,       7.382542255
     0.08215579167,      0.6065200506,       7.382559869
     0.08215725221,      0.6065325016,       7.382580178
     0.08215882191,      0.6065458919,       7.382602108
     0.08216042803,      0.6065595798,       7.382624389
     0.08216199957,      0.6065729606,       7.382646037
     0.08216347289,       0.606585492,       7.382666173
     0.08216479007,      0.6065966817,       7.382684008
     0.08216589326,      0.6066060356,       7.382698727
      0.0821667336,       0.606613147,        7.38270977
     0.08216728023,      0.6066177605,       7.382716804
     0.08216752037,      0.6066197656,       7.382719631
      0.0821674572,      0.6066191863,       7.382718256
     0.08216709588,      0.6066160745,        7.38271285
     0.08216642857,      0.6066103761,       7.382703455
     0.08216550435,      0.6066025176,       7.382690855
     0.08216439164,       0.606593044,       7.382675534
     0.08216314261,      0.6065823904,       7.382658101
     0.08216181105,      0.6065710342,       7.382639532
     0.08216045566,      0.6065594867,       7.382620773
     0.08215913505,      0.6065482483,       7.382602652
     0.08215790552,      0.6065377986,       7.382585946
     0.08215681932,      0.6065285806,       7.382571352
     0.08215592173,      0.6065209735,       7.382559415
     0.08215524818,      0.6065152732,       7.382550556
     0.08215482231,       0.606511681,       7.382545101
      0.0821546545,      0.6065102866,       7.382543209
     0.08215474192,      0.6065110663,       7.382544843
     0.08215508295,      0.6065139977,        7.38254988
     0.08215568185,      0.6065191044,        7.38255822
     0.08215649037,      0.6065259723,       7.382569162
     0.08215745177,      0.6065341548,       7.382582368
     0.08215852222,      0.6065432832,       7.382597287
     0.08215965514,      0.6065529444,       7.382613077
      0.0821608005,      0.6065627038,       7.382628944
     0.08216190887,      0.6065721389,       7.382644187
     0.08216293303,      0.6065808469,       7.382658146
      0.0821638295,      0.6065884587,       7.382670238
     0.08216456112,      0.6065946612,       7.382679989
     0.08216509937,      0.6065992148,       7.382687047
     0.08216542593,      0.6066019651,       7.382691178
     0.08216553397,      0.6066028541,       7.382692289
     0.08216542724,      0.6066019144,       7.382690443
     0.08216510498,       0.606599148,       7.382685729
     0.08216456852,      0.6065945778,        7.38267831
     0.08216386346,       0.606588588,       7.382668761
     0.08216303565,      0.6065815377,       7.382657334
      0.0821621217,      0.6065737414,       7.382644567
     0.08216116143,       0.606565553,       7.382631191
     0.08216019701,      0.6065573378,        7.38261786
     0.08215926977,      0.6065494486,       7.382605156
      0.0821584191,      0.6065422197,       7.382593608
     0.08215768098,      0.6065359546,       7.382583679
     0.08215708577,      0.6065309099,        7.38257576
     0.08215665639,      0.6065272786,       7.382570143
     0.08215640707,      0.6065251807,       7.382567012
     0.08215634222,      0.6065246543,       7.382566433
     0.08215645814,      0.6065256664,       7.382568335
     0.08215675753,      0.6065282327,       7.382572669
     0.08215723438,      0.6065322914,       7.382579222
     0.08215784757,      0.6065375015,       7.382587536
     0.08215856007,      0.6065435702,       7.382597379
     0.08215934085,      0.6065502294,       7.382608272
     0.08216015564,      0.6065571762,       7.382619609
     0.08216096869,       0.606564102,       7.382630848
     0.08216174513,      0.6065707092,       7.382641499
     0.08216245191,      0.6065767162,       7.382651103
     0.08216305915,      0.6065818699,       7.382659266
     0.08216354203,      0.6065859615,       7.382665676
     0.08216388224,      0.6065888372,       7.382670105
     0.08216406905,      0.6065904062,       7.382672417
     0.08216410011,      0.6065906484,       7.382672573
     0.08216397894,      0.6065895958,        7.38267065
     0.08216370179,      0.6065872229,       7.382666672
     0.08216327913,       0.606583628,       7.382660897
     0.08216274695,      0.6065791049,       7.382653665
     0.08216213502,      0.6065738911,       7.382645192
     0.08216146972,      0.6065682168,        7.38263591
     0.08216078029,      0.6065623397,       7.382626328
     0.08216009679,      0.6065565184,       7.382616892
     0.08215944839,      0.6065510019,       7.382608011
     0.08215886264,      0.6065460247,       7.382600065
     0.08215836419,      0.6065417953,       7.382593377
     0.08215797325,      0.6065384837,       7.382588198
     0.08215770442,      0.6065362126,       7.382584712
     0.08215756581,      0.6065350506,       7.382583023
     0.08215755845,      0.6065350067,       7.382583151
     0.08215767949,      0.6065360542,       7.382585024
     0.08215793301,      0.6065382223,       7.382588632
     0.08215830562,      0.6065413897,       7.382593702
     0.08215876665,      0.6065453093,       7.382599984
     0.08215929198,      0.6065497867,       7.382607275
       0.082159859,      0.6065546227,       7.382615185
     0.08216044268,      0.6065595977,       7.382623291
      0.0821610176,      0.6065644937,       7.382631221
     0.08216155922,       0.606569101,        7.38263863
      0.0821620445,      0.6065732237,       7.382645203
     0.08216245305,      0.6065766896,       7.382650677
     0.08216276846,      0.6065793607,       7.382654845
     0.08216297921,      0.6065811399,       7.382657564
     0.08216307935,      0.6065819771,       7.382658755
     0.08216306892,      0.6065818724,       7.382658417
     0.08216295001,      0.6065808462,       7.382656613
     0.08216271911,      0.6065788738,       7.382653353
     0.08216239151,      0.6065760901,        7.38264891
     0.08216199283,      0.6065726993,       7.382643463
     0.08216154269,      0.6065688618,       7.382637204
     0.08216106046,      0.6065647492,       7.382630479
     0.08216056743,      0.6065605473,        7.38262364
     0.08216008493,      0.6065564391,       7.382616993
     0.08215963349,      0.6065525997,       7.382610827
     0.08215923228,       0.606549192,       7.382605401
     0.08215889808,      0.6065463576,       7.382600932
     0.08215864418,      0.6065442082,       7.382597586
     0.08215847967,      0.6065428203,       7.382595475
     0.08215840884,      0.6065422303,       7.382594659
     0.08215843108,      0.6065424331,       7.382595129
      0.0821585452,      0.6065434156,       7.382596834
      0.0821587536,      0.6065451941,       7.382599753
     0.08215904051,      0.6065476314,       7.382603638
     0.08215938478,      0.6065505607,       7.382608357
      0.0821597703,      0.6065538479,       7.382613725
     0.08216018037,      0.6065573449,       7.382619441
     0.08216059689,      0.6065608942,       7.382625214
     0.08216100185,      0.6065643417,       7.382630787
     0.08216137802,      0.6065675405,       7.382635918
     0.08216170942,      0.6065703548,       7.382640393
     0.08216198226,      0.6065726683,       7.382644035
      0.0821621858,      0.6065743908,       7.382646711
     0.08216231296,      0.6065754626,        7.38264833
     0.08216236077,      0.6065758585,       7.382648853
     0.08216233029,      0.6065755877,       7.382648296
     0.08216222181,      0.6065746554,       7.382646697
     0.08216203454,       0.606573059,       7.382644093
     0.08216178389,      0.6065709298,       7.382640701
     0.08216148707,      0.6065684033,       7.382636621
     0.08216115746,      0.6065655924,       7.382632027
     0.08216080938,      0.6065626243,       7.382627178
     0.08216045816,      0.6065596319,       7.382622315
     0.08216011891,      0.6065567442,       7.382617653
     0.08215980603,      0.6065540842,       7.382613391
     0.08215953279,      0.6065517644,       7.382609708
     0.08215931049,        0.60654988,       7.382606747
     0.08215914778,      0.6065485035,       7.382604615
     0.08215905016,      0.6065476815,       7.382603382
      0.0821590196,      0.6065474308,       7.382603076
     0.08215905492,      0.6065477409,       7.382603677
     0.08215915656,      0.6065486131,       7.382605159
      0.0821593237,      0.6065500366,       7.382607467
     0.08215954204,      0.6065518915,       7.382610424
     0.08215979765,      0.6065540681,       7.382613948
      0.0821600793,      0.6065564701,       7.382617876
     0.08216037466,      0.6065589885,       7.382621988
     0.08216067076,       0.606561511,       7.382626083
     0.08216095488,       0.606563929,       7.382629984
     0.08216121494,      0.6065661395,       7.382633521
     0.08216143993,      0.6065680494,       7.382636549
      0.0821616206,      0.6065695806,       7.382638951
     0.08216175004,       0.606570675,       7.382640642
     0.08216182401,      0.6065712971,       7.382641566
     0.08216184133,      0.6065714365,       7.382641706
      0.0821618032,      0.6065711041,       7.382641087
     0.08216170865,      0.6065702938,       7.382639722
     0.08216156008,      0.6065690296,       7.382637684
     0.08216137029,      0.6065674169,       7.382635109
     0.08216115049,      0.6065655446,        7.38263207
     0.08216091021,      0.6065634952,       7.382628718
     0.08216065997,      0.6065613619,       7.382625238
     0.08216041075,       0.606559239,       7.382621794
     0.08216017318,      0.6065572176,       7.382618537
     0.08215995738,      0.6065553836,       7.382615607
     0.08215977245,      0.6065538142,       7.382613122
     0.08215962593,      0.6065525728,       7.382611178
     0.08215952336,      0.6065517059,       7.382609844
     0.08215946793,      0.6065512406,       7.382609161
     0.08215946029,      0.6065511824,       7.382609139
     0.08215949937,      0.6065515214,       7.382609754
     0.08215958643,      0.6065522666,       7.382611001
     0.08215971782,      0.6065533839,       7.382612794
     0.08215988244,      0.6065547831,       7.382615032
     0.08216007124,       0.606556392,       7.382617649
     0.08216027611,      0.6065581393,       7.382620507
     0.08216048801,      0.6065599455,       7.382623452
     0.08216069769,      0.6065617314,       7.382626346
     0.08216089621,      0.6065634203,       7.382629064
     0.08216107511,      0.6065649404,        7.38263149
     0.08216122687,       0.606566228,       7.382633526
     0.08216134535,      0.6065672315,       7.382635094
     0.08216142615,       0.606567914,        7.38263614
     0.08216146689,      0.6065682553,       7.382636633
     0.08216146735,      0.6065682535,       7.382636569
      0.0821614284,      0.6065679167,        7.38263597
     0.08216134876,      0.6065672358,       7.382634839
     0.08216123297,      0.6065662516,       7.382633266
     0.08216109044,      0.6065650397,       7.382631322
     0.08216092848,      0.6065636593,       7.382629073
     0.08216075406,      0.6065621717,        7.38262664
     0.08216057488,      0.6065606445,       7.382624153
     0.08216039871,      0.6065591444,       7.382621724
     0.08216023307,      0.6065577354,       7.382619459
     0.08216008499,      0.6065564775,       7.382617454
     0.08215996067,       0.606555423,        7.38261579
     0.08215986512,      0.6065546138,       7.382614528
     0.08215980179,      0.6065540793,       7.382613712
     0.08215977244,      0.6065538341,       7.382613366
       0.082159777,      0.6065538779,       7.382613488
      0.0821598149,      0.6065542047,       7.382614061
     0.08215988717,      0.6065548218,       7.382615078
     0.08215998882,      0.6065556855,       7.382616456
     0.08216011203,      0.6065567335,       7.382618141
     0.08216025082,      0.6065579168,       7.382620072
      0.0821603992,      0.6065591823,       7.382622141
     0.08216055063,      0.6065604728,       7.382624241
     0.08216069855,      0.6065617322,       7.382626279
     0.08216083665,      0.6065629067,       7.382628164
     0.08216095908,      0.6065639465,       7.382629819
     0.08216106071,      0.6065648084,       7.382631178
     0.08216113752,      0.6065654586,       7.382632189
     0.08216118678,       0.606565874,        7.38263282
     0.08216120724,      0.6065660442,       7.382633053
     0.08216119916,      0.6065659713,       7.382632891
     0.08216116284,      0.6065656588,       7.382632351
     0.08216109764,      0.6065651026,        7.38263144
     0.08216100867,      0.6065643467,       7.382630235
     0.08216090233,      0.6065634418,       7.382628776
     0.08216078355,       0.606562429,       7.382627122
     0.08216065747,      0.6065613539,       7.382625365
     0.08216052966,      0.6065602648,       7.382623594
     0.08216040563,      0.6065592089,       7.382621888
     0.08216029064,      0.6065582312,        7.38262032
     0.08216018959,      0.6065573731,       7.382618956
     0.08216010666,        0.60655667,        7.38261785
     0.08216004511,      0.6065561492,       7.382617042
     0.08216000707,      0.6065558286,       7.382616558
      0.0821599934,      0.6065557157,       7.382616412
     0.08216000374,      0.6065558071,       7.382616596
     0.08216003806,       0.606556102,       7.382617101
      0.0821600965,         0.6065566,       7.382617911
     0.08216017415,      0.6065572596,       7.382618963
     0.08216026581,      0.6065580399,       7.382620224
     0.08216036737,       0.606558906,       7.382621639
      0.0821604744,      0.6065598187,        7.38262313
      0.0821605822,      0.6065607371,       7.382624622
     0.08216068613,      0.6065616218,        7.38262605
     0.08216078178,      0.6065624348,       7.382627353
     0.08216086507,       0.606563142,       7.382628475
     0.08216093259,      0.6065637143,       7.382629374
     0.08216098171,      0.6065641298,       7.382630017
     0.08216101079,      0.6065643745,       7.382630383
     0.08216101926,      0.6065644438,       7.382630464
     0.08216100754,      0.6065643411,       7.382630268
     0.08216097541,      0.6065640655,       7.382629801
      0.0821609233,      0.6065636218,       7.382629083
      0.0821608557,      0.6065630475,       7.382628167
      0.0821607768,      0.6065623756,       7.382627078
     0.08216069008,       0.606561636,       7.382625869
     0.08216059932,      0.6065608621,       7.382624606
      0.0821605085,      0.6065600885,        7.38262335
     0.08216042152,      0.6065593483,       7.382622156
     0.08216034208,       0.606558673,       7.382621076
     0.08216027353,      0.6065580912,       7.382620154
     0.08216021868,      0.6065576264,       7.382619425
     0.08216017964,      0.6065572963,       7.382618916
     0.08216015765,      0.6065571115,       7.382618642
     0.08216015305,      0.6065570749,       7.382618609
     0.08216016547,      0.6065571829,       7.382618809
     0.08216019524,      0.6065574379,       7.382619238
     0.08216024147,      0.6065578313,       7.382619871
      0.0821603002,      0.6065583303,       7.382620668
     0.08216036802,      0.6065589081,       7.382621606
     0.08216044201,      0.6065595392,       7.382622639
     0.08216051891,      0.6065601948,       7.382623708
     0.08216059536,      0.6065608459,       7.382624764
     0.08216066809,      0.6065614647,       7.382625761
       0.082160734,      0.6065620249,       7.382626655
     0.08216079032,      0.6065625028,       7.382627412
     0.08216083476,      0.6065628793,       7.382628001
     0.08216086564,      0.6065631402,       7.382628402
     0.08216088202,      0.6065632776,       7.382628603
     0.08216088373,      0.6065632901,       7.382628601
     0.08216087111,      0.6065631807,       7.382628404
     0.08216084373,      0.6065629465,       7.382628013
     0.08216080287,      0.6065625991,       7.382627456
     0.08216075196,      0.6065621663,       7.382626763
     0.08216069373,      0.6065616701,       7.382625956
     0.08216063069,      0.6065611324,       7.382625076
     0.08216056561,      0.6065605776,       7.382624172
     0.08216050132,      0.6065600302,       7.382623285
     0.08216044058,      0.6065595135,       7.382622454
     0.08216038597,      0.6065590495,       7.382621714
     0.08216033978,      0.6065586575,       7.382621094
     0.08216030387,      0.6065583534,       7.382620619
     0.08216027956,      0.6065581482,       7.382620305
     0.08216026758,      0.6065580479,       7.382620161
     0.08216026795,      0.6065580528,       7.382620188
     0.08216028042,      0.6065581605,       7.382620378
      0.0821603054,       0.606558374,       7.382620732
     0.08216034135,      0.6065586796,        7.38262122
     0.08216038541,      0.6065590542,       7.382621822
     0.08216043535,      0.6065594799,       7.382622516
     0.08216048902,      0.6065599377,       7.382623264
     0.08216054406,      0.6065604067,       7.382624028
     0.08216059806,      0.6065608666,       7.382624772
     0.08216064874,      0.6065612976,       7.382625465
     0.08216069393,      0.6065616815,       7.382626077
     0.08216073175,      0.6065620023,       7.382626583
     0.08216076068,      0.6065622473,       7.382626964
     0.08216077969,      0.6065624076,       7.382627209
     0.08216078824,       0.606562479,       7.382627309
     0.08216078639,      0.6065624618,       7.382627265
     0.08216077431,      0.6065623576,       7.382627084
     0.08216075168,      0.6065621644,       7.382626765
     0.08216072014,      0.6065618964,       7.382626338
     0.08216068207,      0.6065615726,       7.382625817
     0.08216063929,      0.6065612079,       7.382625222
     0.08216059365,      0.6065608186,       7.382624585
     0.08216054717,      0.6065604225,       7.382623941
     0.08216050184,      0.6065600367,       7.382623317
     0.08216045961,      0.6065596775,       7.382622741
     0.08216042227,      0.6065593604,       7.382622236
     0.08216039137,      0.6065590983,       7.382621823
     0.08216036813,      0.6065589016,       7.382621517
     0.08216035337,      0.6065587772,       7.382621329
     0.08216034747,      0.6065587281,       7.382621263
     0.08216035031,      0.6065587536,       7.382621317
     0.08216036184,      0.6065588528,       7.382621488
     0.08216038221,      0.6065590265,       7.382621772
     0.08216040979,      0.6065592608,       7.382622145
     0.08216044264,      0.6065595403,       7.382622596
     0.08216047924,      0.6065598525,       7.382623106
     0.08216051801,      0.6065601831,       7.382623647
     0.08216055724,      0.6065605174,        7.38262419
     0.08216059524,      0.6065608408,       7.382624713
      0.0821606304,      0.6065611397,       7.382625192
     0.08216066121,      0.6065614014,       7.382625607
     0.08216068641,       0.606561615,       7.382625943
     0.08216070501,      0.6065617724,       7.382626187
     0.08216071637,      0.6065618681,       7.382626331
     0.08216072024,         0.6065619,       7.382626372
     0.08216071675,      0.6065618693,       7.382626311
     0.08216070589,      0.6065617759,       7.382626152
     0.08216068765,      0.6065616206,       7.382625899
      0.0821606636,      0.6065614162,       7.382625574
      0.0821606353,      0.6065611753,       7.382625184
     0.08216060402,      0.6065609085,       7.382624748
     0.08216057112,       0.606560628,        7.38262429
     0.08216053804,      0.6065603462,       7.382623832
     0.08216050621,      0.6065600753,       7.382623395
     0.08216047699,      0.6065598269,       7.382622997
      0.0821604516,      0.6065596113,       7.382622655
      0.0821604311,      0.6065594376,       7.382622382
     0.08216041627,      0.6065593122,       7.382622189
     0.08216040761,      0.6065592393,        7.38262208
     0.08216040527,      0.6065592203,       7.382622059
     0.08216040913,       0.606559254,       7.382622122
     0.08216041927,      0.6065593409,       7.382622269
      0.0821604355,      0.6065594791,       7.382622493
     0.08216045643,       0.606559657,       7.382622776
     0.08216048078,      0.6065598643,       7.382623113
     0.08216050749,      0.6065600921,       7.382623485
     0.08216053538,      0.6065603299,       7.382623873
     0.08216056324,      0.6065605673,       7.382624258
     0.08216058987,      0.6065607939,       7.382624624
     0.08216061414,      0.6065610002,       7.382624953
     0.08216063503,      0.6065611774,       7.382625234
     0.08216065167,      0.6065613184,       7.382625455
     0.08216066344,      0.6065614179,       7.382625609
     0.08216066996,      0.6065614727,        7.38262569
     0.08216067114,       0.606561482,       7.382625697
     0.08216066711,       0.606561447,       7.382625632
     0.08216065773,      0.6065613667,       7.382625498
     0.08216064335,      0.6065612443,       7.382625301
     0.08216062518,      0.6065610899,       7.382625054
     0.08216060425,      0.6065609116,       7.382624764
     0.08216058148,      0.6065607174,       7.382624447
     0.08216055785,       0.606560516,       7.382624118
     0.08216053441,      0.6065603163,       7.382623794
     0.08216051215,      0.6065601269,       7.382623489
     0.08216049202,      0.6065599559,       7.382623216
     0.08216047487,      0.6065598103,       7.382622986
      0.0821604614,      0.6065596962,       7.382622808
      0.0821604521,      0.6065596176,       7.382622687
     0.08216044726,      0.6065595771,       7.382622628
     0.08216044693,      0.6065595749,       7.382622631
     0.08216045099,      0.6065596101,       7.382622694
     0.08216045959,      0.6065596836,       7.382622817
     0.08216047229,      0.6065597915,        7.38262299
     0.08216048803,      0.6065599254,       7.382623204
     0.08216050599,      0.6065600784,       7.382623453
     0.08216052539,      0.6065602439,       7.382623724
     0.08216054538,      0.6065604143,       7.382624002
     0.08216056509,      0.6065605822,       7.382624273
     0.08216058368,      0.6065607403,       7.382624528
     0.08216060035,      0.6065608819,       7.382624754
     0.08216061441,      0.6065610012,       7.382624942
     0.08216062529,      0.6065610933,       7.382625086
     0.08216063259,       0.606561155,        7.38262518
     0.08216063611,      0.6065611844,       7.382625222
     0.08216063583,      0.6065611815,       7.382625212
     0.08216063184,       0.606561147,       7.382625151
     0.08216062401,      0.6065610801,        7.38262504
     0.08216061285,      0.6065609853,       7.382624889
     0.08216059923,      0.6065608695,       7.382624703
     0.08216058383,      0.6065607382,       7.382624489
     0.08216056732,      0.6065605974,       7.382624258
     0.08216055042,      0.6065604534,       7.382624024
     0.08216053387,      0.6065603124,       7.382623796
     0.08216051837,      0.6065601806,       7.382623584
     0.08216050458,      0.6065600635,       7.382623398
     0.08216049308,      0.6065599659,       7.382623244
     0.08216048432,      0.6065598917,       7.382623128
     0.08216047862,      0.6065598437,       7.382623055
     0.08216047613,      0.6065598229,       7.382623026
     0.08216047683,      0.6065598293,       7.382623041
     0.08216048068,      0.6065598625,       7.382623099
     0.08216048776,      0.6065599229,       7.382623198
     0.08216049754,       0.606560006,       7.382623331
      0.0821605093,      0.6065601061,       7.382623492
     0.08216052249,      0.6065602185,       7.382623676
     0.08216053652,      0.6065603382,       7.382623871
     0.08216055079,      0.6065604598,       7.382624069
     0.08216056468,       0.606560578,        7.38262426
     0.08216057759,      0.6065606879,       7.382624436
     0.08216058899,      0.6065607846,        7.38262459
     0.08216059838,      0.6065608643,       7.382624716
     0.08216060541,      0.6065609237,       7.382624808
     0.08216060982,      0.6065609609,       7.382624864
     0.08216061152,       0.606560975,       7.382624883
     0.08216061053,      0.6065609662,       7.382624865
     0.08216060688,      0.6065609348,       7.382624811
     0.08216060051,      0.6065608805,       7.382624722
     0.08216059196,      0.6065608079,       7.382624606
     0.08216058182,      0.6065607216,       7.382624467
     0.08216057054,      0.6065606254,        7.38262431
     0.08216055862,      0.6065605238,       7.382624144
     0.08216054658,      0.6065604212,       7.382623977
     0.08216053494,      0.6065603221,       7.382623817
      0.0821605242,      0.6065602307,       7.382623671
      0.0821605148,       0.606560151,       7.382623544
     0.08216050715,      0.6065600861,       7.382623442
     0.08216050153,      0.6065600385,       7.382623368
     0.08216049814,        0.60656001,       7.382623325
     0.08216049704,       0.606560001,       7.382623314
     0.08216049821,      0.6065600113,       7.382623334
     0.08216050165,      0.6065600407,       7.382623385
     0.08216050733,      0.6065600892,       7.382623463
     0.08216051478,      0.6065601525,       7.382623564
     0.08216052352,      0.6065602269,       7.382623684
     0.08216053315,       0.606560309,       7.382623819
     0.08216054327,      0.6065603953,        7.38262396
     0.08216055342,      0.6065604817,         7.3826241
     0.08216056316,      0.6065605647,       7.382624234
     0.08216057209,      0.6065606406,       7.382624355
     0.08216057983,      0.6065607063,       7.382624459
     0.08216058606,       0.606560759,       7.382624542
     0.08216059053,      0.6065607969,       7.382624601
     0.08216059311,      0.6065608185,       7.382624633
     0.08216059374,      0.6065608237,       7.382624638
     0.08216059248,      0.6065608126,       7.382624618
     0.08216058928,      0.6065607852,       7.382624571
     0.08216058422,      0.6065607422,       7.382624502
     0.08216057774,      0.6065606871,       7.382624414
     0.08216057023,      0.6065606231,        7.38262431
     0.08216056201,       0.606560553,       7.382624196
     0.08216055344,      0.6065604799,       7.382624076
     0.08216054489,      0.6065604071,       7.382623958
     0.08216053674,      0.6065603378,       7.382623846
     0.08216052932,      0.6065602748,       7.382623746
     0.08216052296,      0.6065602208,        7.38262366
     0.08216051791,       0.606560178,       7.382623593
     0.08216051437,       0.606560148,       7.382623547
     0.08216051243,      0.6065601318,       7.382623523
     0.08216051214,      0.6065601295,       7.382623522
     0.08216051345,      0.6065601409,       7.382623543
      0.0821605164,      0.6065601661,       7.382623585
     0.08216052087,      0.6065602042,       7.382623646
     0.08216052649,      0.6065602519,       7.382623722
     0.08216053295,      0.6065603069,       7.382623812
     0.08216053996,      0.6065603667,        7.38262391
     0.08216054722,      0.6065604286,       7.382624011
      0.0821605544,      0.6065604898,        7.38262411
     0.08216056122,      0.6065605478,       7.382624203
     0.08216056736,         0.6065606,       7.382624286
     0.08216057258,      0.6065606443,       7.382624357
     0.08216057667,      0.6065606789,       7.382624411
     0.08216057947,      0.6065607025,       7.382624447
     0.08216058089,      0.6065607145,       7.382624464
     0.08216058094,      0.6065607147,       7.382624462
     0.08216057963,      0.6065607034,       7.382624442
     0.08216057693,      0.6065606803,       7.382624404
     0.08216057299,      0.6065606468,        7.38262435
     0.08216056812,      0.6065606054,       7.382624284
     0.08216056258,      0.6065605582,       7.382624207
     0.08216055661,      0.6065605072,       7.382624124
     0.08216055047,      0.6065604549,       7.382624038
     0.08216054443,      0.6065604035,       7.382623955
     0.08216053874,      0.6065603551,       7.382623877
     0.08216053365,      0.6065603119,       7.382623808
     0.08216052938,      0.6065602756,       7.382623751
     0.08216052608,      0.6065602477,       7.382623708
     0.08216052389,      0.6065602292,       7.382623679
     0.08216052286,      0.6065602205,       7.382623667
     0.08216052299,      0.6065602219,       7.382623671
     0.08216052427,      0.6065602328,        7.38262369
     0.08216052672,      0.6065602538,       7.382623725
     0.08216053018,      0.6065602832,       7.382623772
     0.08216053439,       0.606560319,       7.382623829
     0.08216053914,      0.6065603595,       7.382623895
     0.08216054422,      0.6065604028,       7.382623966
     0.08216054941,       0.606560447,       7.382624038
     0.08216055448,      0.6065604902,       7.382624108
     0.08216055922,      0.6065605306,       7.382624173
     0.08216056343,      0.6065605663,        7.38262423
     0.08216056693,       0.606560596,       7.382624277
     0.08216056958,      0.6065606184,       7.382624311
     0.08216057129,      0.6065606328,       7.382624333
     0.08216057201,      0.6065606388,       7.382624342
     0.08216057175,      0.6065606365,       7.382624336
     0.08216057053,       0.606560626,       7.382624318
     0.08216056831,      0.6065606071,       7.382624287
     0.08216056528,      0.6065605813,       7.382624246
     0.08216056165,      0.6065605504,       7.382624196
     0.08216055758,      0.6065605157,        7.38262414
     0.08216055327,      0.6065604789,       7.382624079
     0.08216054889,      0.6065604416,       7.382624019
     0.08216054463,      0.6065604054,        7.38262396
     0.08216054068,      0.6065603718,       7.382623906
     0.08216053721,      0.6065603423,       7.382623859
     0.08216053435,      0.6065603181,       7.382623821
     0.08216053223,      0.6065603001,       7.382623793
     0.08216053091,       0.606560289,       7.382623777
     0.08216053042,       0.606560285,       7.382623771
     0.08216053076,       0.606560288,       7.382623777
     0.08216053192,      0.6065602979,       7.382623795
     0.08216053391,      0.6065603149,       7.382623822
     0.08216053655,      0.6065603374,       7.382623858
     0.08216053969,       0.606560364,       7.382623901
     0.08216054316,      0.6065603936,        7.38262395
     0.08216054683,      0.6065604249,       7.382624001
     0.08216055052,      0.6065604564,       7.382624052
     0.08216055409,      0.6065604867,       7.382624101
     0.08216055737,      0.6065605146,       7.382624145
     0.08216056023,       0.606560539,       7.382624184
     0.08216056256,      0.6065605587,       7.382624215
     0.08216056426,       0.606560573,       7.382624237
     0.08216056527,      0.6065605815,        7.38262425
     0.08216056557,       0.606560584,       7.382624253
     0.08216056519,      0.6065605806,       7.382624246
      0.0821605641,      0.6065605713,       7.382624231
     0.08216056233,      0.6065605562,       7.382624206
     0.08216056002,      0.6065605366,       7.382624175
     0.08216055732,      0.6065605137,       7.382624138
