VARIABLES = \
       "CD"       ,       "CL"       ,      "CEff"      
      0.1562472343,      0.6108970208,       3.909810139
      0.1153272448,      0.6802000296,       5.897999479
      0.1101962304,      0.6823738469,       6.192351994
      0.1059929429,      0.6837604377,       6.450999651
       0.104537614,      0.6864489932,       6.566526314
      0.1040546969,      0.6915907804,       6.646415791
      0.1041508443,      0.6967885802,       6.690186574
      0.1044793087,      0.7005009894,       6.704686295
        0.10499988,       0.703738538,       6.702279449
      0.1056643704,      0.7073916808,       6.694703976
      0.1063564548,      0.7110821867,         6.6858395
      0.1070424357,      0.7145126672,       6.675041185
      0.1077751316,      0.7179244471,       6.661318213
      0.1085470335,      0.7213080163,       6.645119565
      0.1093381274,      0.7246461158,        6.62757021
      0.1101347385,        0.72789845,       6.609163103
      0.1108798718,      0.7307259314,       6.590248706
      0.1115987213,      0.7332173115,       6.570122871
      0.1123805338,      0.7360343722,       6.549482793
      0.1131766648,      0.7388975978,       6.528709777
      0.1139120339,      0.7413299004,       6.507915582
       0.114513672,      0.7431526253,       6.489641041
      0.1151194779,      0.7450568117,       6.472030841
      0.1157860435,      0.7473438752,       6.454524678
      0.1163899534,      0.7493524734,       6.438291719
      0.1168840357,       0.750756735,       6.423090462
      0.1172994326,       0.751730331,       6.408644221
      0.1177225626,      0.7527222862,       6.394035854
      0.1181891719,       0.753972517,       6.379370505
      0.1186926239,      0.7555481333,        6.36558624
       0.119228719,      0.7573991054,       6.352488826
      0.1196960218,      0.7589147586,       6.340350725
      0.1201020026,      0.7600189344,       6.328112087
      0.1204641397,      0.7608395466,       6.315900721
      0.1207947922,      0.7614841717,       6.303948689
      0.1211014607,      0.7620439302,       6.292607254
      0.1213976891,      0.7625759449,       6.281634769
      0.1216941664,      0.7631379158,        6.27094904
      0.1219677385,      0.7636695877,       6.261242498
      0.1222196009,      0.7641453846,       6.252232694
      0.1224536308,      0.7645903091,       6.243917019
      0.1226801387,      0.7650457108,       6.236100798
       0.122909449,       0.765566946,       6.228707003
      0.1231245231,      0.7660416157,       6.221681891
      0.1233065179,      0.7663655327,       6.215125899
       0.123450585,      0.7665029205,       6.208985729
      0.1235767636,      0.7665649143,       6.203147679
      0.1237031474,      0.7666577916,       6.197560919
      0.1238292368,      0.7667904497,       6.192321535
      0.1239488137,      0.7669244884,       6.187429031
      0.1240646398,      0.7670759703,       6.182873471
      0.1241789676,      0.7672683609,        6.17873039
      0.1242887173,      0.7674899751,       6.175057493
      0.1243927303,      0.7677264493,       6.171795146
      0.1244859089,      0.7679282401,       6.168796506
      0.1245677194,      0.7680777096,       6.165945023
      0.1246361241,      0.7681680981,       6.163286153
      0.1246981069,      0.7682410862,       6.160807934
      0.1247548988,       0.768308354,       6.158542559
      0.1248060926,      0.7683658814,       6.156477345
      0.1248475723,      0.7683855415,        6.15458937
      0.1248802788,      0.7683672918,       6.152831327
      0.1249079316,      0.7683363736,       6.151221653
      0.1249320436,      0.7683023395,       6.149762044
       0.124953118,      0.7682681884,       6.148451523
      0.1249720908,      0.7682379286,       6.147275954
      0.1249891088,      0.7682129908,       6.146239447
      0.1250045855,      0.7681946956,        6.14533213
      0.1250187889,      0.7681829752,        6.14454021
      0.1250317037,      0.7681763214,        6.14385231
       0.125043357,      0.7681737372,        6.14325907
      0.1250537326,      0.7681737103,       6.142749158
      0.1250626578,      0.7681737089,       6.142310763
       0.125070178,      0.7681725617,       6.141932263
       0.125076507,      0.7681705911,       6.141605723
      0.1250818134,      0.7681682743,       6.141326652
      0.1250860884,      0.7681652264,       6.141092395
       0.125089432,       0.768161471,       6.140898227
      0.1250918933,      0.7681566192,       6.140738613
      0.1250934969,      0.7681501881,       6.140608482
      0.1250943055,      0.7681420474,       6.140503715
       0.125094421,      0.7681324003,       6.140420926
      0.1250939526,      0.7681215725,        6.14035736
      0.1250929978,      0.7681098754,       6.140310722
      0.1250916414,      0.7680975864,        6.14027906
      0.1250899619,      0.7680849738,       6.140260675
      0.1250880322,      0.7680722965,        6.14025405
      0.1250859165,      0.7680597721,       6.140257782
      0.1250836664,      0.7680475509,       6.140270533
      0.1250813228,      0.7680357213,       6.140291004
       0.125078919,      0.7680243363,       6.140317986
      0.1250764844,      0.7680134373,       6.140350372
      0.1250740447,        0.76800306,       6.140387173
      0.1250716215,      0.7679932252,       6.140427508
        0.12506923,      0.7679839279,       6.140470584
      0.1250668802,      0.7679751378,       6.140515672
      0.1250645783,      0.7679668106,        6.14056211
      0.1250623293,      0.7679589028,       6.140609303
      0.1250601384,      0.7679513819,       6.140656741
      0.1250580111,      0.7679442286,       6.140703997
      0.1250559529,      0.7679374334,       6.140750727
      0.1250539686,      0.7679309921,       6.140796656
      0.1250520622,      0.7679249016,       6.140841566
      0.1250502374,      0.7679191631,       6.140885286
      0.1250484981,      0.7679137866,       6.140927708
      0.1250468468,      0.7679087866,       6.140968813
      0.1250452898,      0.7679041778,       6.141008421
      0.1250438152,      0.7678998903,       6.141046551
      0.1250423923,      0.7678957627,       6.141083423
      0.1250410332,      0.7678918394,       6.141118798
      0.1250397419,      0.7678881303,       6.141152554
      0.1250385203,      0.7678846357,       6.141184602
      0.1250373681,      0.7678813477,       6.141214898
      0.1250362832,       0.767878254,       6.141243439
      0.1250352627,      0.7678753394,       6.141270255
      0.1250343028,      0.7678725875,        6.14129539
      0.1250334003,      0.7678699843,       6.141318899
      0.1250325524,      0.7678675209,       6.141340845
      0.1250317566,      0.7678651908,       6.141361297
      0.1250310106,      0.7678629887,       6.141380324
      0.1250303124,      0.7678609097,       6.141397993
      0.1250296601,      0.7678589521,       6.141414379
      0.1250290516,      0.7678571124,       6.141429551
      0.1250284847,       0.767855384,       6.141443576
      0.1250279569,      0.7678537606,       6.141456517
      0.1250274662,      0.7678522374,       6.141468438
      0.1250270106,      0.7678508098,       6.141479398
      0.1250265881,      0.7678494733,        6.14148946
      0.1250261969,      0.7678482237,       6.141498682
      0.1250258352,      0.7678470571,       6.141507123
      0.1250255011,      0.7678459701,       6.141514838
      0.1250251931,      0.7678449591,       6.141521879
      0.1250249096,      0.7678440201,       6.141528297
      0.1250246489,      0.7678431488,       6.141534135
      0.1250244094,      0.7678423409,       6.141539437
      0.1250241896,      0.7678415918,       6.141544241
      0.1250239881,      0.7678408974,       6.141548585
      0.1250238036,       0.767840254,       6.141552502
      0.1250236348,       0.767839658,       6.141556028
      0.1250234805,      0.7678391064,       6.141559194
      0.1250233398,      0.7678385963,       6.141562029
      0.1250232115,       0.767838125,       6.141564563
      0.1250230947,        0.76783769,        6.14156682
      0.1250229885,      0.7678372889,       6.141568827
      0.1250228922,      0.7678369194,       6.141570604
      0.1250228049,      0.7678365793,       6.141572173
      0.1250227258,      0.7678362667,       6.141573554
      0.1250226545,      0.7678359795,       6.141574764
      0.1250225901,      0.7678357159,       6.141575819
      0.1250225321,      0.7678354742,       6.141576734
      0.1250224799,      0.7678352528,       6.141577524
      0.1250224332,      0.7678350502,       6.141578202
      0.1250223913,      0.7678348649,       6.141578778
      0.1250223538,      0.7678346957,       6.141579264
      0.1250223204,      0.7678345413,        6.14157967
      0.1250222907,      0.7678344006,       6.141580004
      0.1250222643,      0.7678342724,       6.141580275
      0.1250222409,      0.7678341558,        6.14158049
      0.1250222203,      0.7678340498,       6.141580656
      0.1250222021,      0.7678339536,       6.141580779
      0.1250221862,      0.7678338662,       6.141580864
      0.1250221722,      0.7678337871,       6.141580917
        0.12502216,      0.7678337154,       6.141580941
      0.1250221495,      0.7678336505,       6.141580941
      0.1250221404,      0.7678335919,        6.14158092
      0.1250221325,       0.767833539,       6.141580882
      0.1250221258,      0.7678334913,       6.141580829
      0.1250221201,      0.7678334483,       6.141580765
      0.1250221154,      0.7678334096,        6.14158069
      0.1250221114,      0.7678333748,       6.141580608
      0.1250221081,      0.7678333436,        6.14158052
      0.1250221054,      0.7678333156,       6.141580427
      0.1250221033,      0.7678332906,       6.141580331
      0.1250221016,      0.7678332682,       6.141580233
      0.1250221004,      0.7678332481,       6.141580134
      0.1250220995,      0.7678332303,       6.141580036
      0.1250220989,      0.7678332144,       6.141579937
      0.1250220986,      0.7678332003,        6.14157984
      0.1250220985,      0.7678331877,       6.141579745
      0.1250220986,      0.7678331766,       6.141579652
      0.1250220988,      0.7678331668,       6.141579562
      0.1250220992,      0.7678331581,       6.141579474
      0.1250220996,      0.7678331504,        6.14157939
      0.1250221002,      0.7678331436,       6.141579309
      0.1250221008,      0.7678331377,       6.141579231
      0.1250221015,      0.7678331325,       6.141579156
      0.1250221022,      0.7678331279,       6.141579085
      0.1250221029,      0.7678331239,       6.141579017
      0.1250221036,      0.7678331204,       6.141578953
      0.1250221044,      0.7678331174,       6.141578892
      0.1250221051,      0.7678331148,       6.141578835
      0.1250221059,      0.7678331125,        6.14157878
      0.1250221066,      0.7678331105,       6.141578729
      0.1250221073,      0.7678331088,       6.141578681
       0.125022108,      0.7678331073,       6.141578636
      0.1250221086,      0.7678331061,       6.141578593
      0.1250221093,       0.767833105,       6.141578554
      0.1250221099,      0.7678331041,       6.141578517
      0.1250221104,      0.7678331033,       6.141578482
       0.125022111,      0.7678331027,        6.14157845
      0.1250221115,      0.7678331021,       6.141578421
