VARIABLES = \
       "CD"       ,       "CL"       ,      "CEff"      
      0.1896351763,      0.4890110441,       2.578693751
      0.1381919244,      0.5473940956,       3.961114935
      0.1310737748,      0.5440958085,       4.151065377
      0.1255792649,      0.5457373814,        4.34576028
      0.1237466014,      0.5503156433,       4.447117232
      0.1229790445,      0.5535065675,       4.500820199
      0.1227607807,      0.5553129496,       4.523537131
      0.1227754166,      0.5563360846,       4.531331272
      0.1230314554,      0.5577086014,       4.533057011
      0.1235548894,      0.5599302334,       4.531833876
      0.1242920799,      0.5628413295,       4.528376465
      0.1251402233,      0.5660044337,       4.522961673
      0.1260667528,      0.5694770076,       4.517265616
      0.1270546126,      0.5733730232,       4.512807614
      0.1280627844,      0.5775208644,       4.509669746
      0.1290505546,      0.5815585889,       4.506440058
      0.1299815785,      0.5851509315,       4.501798934
      0.1308648513,      0.5883942501,       4.496197751
      0.1317608507,      0.5915826167,       4.489820865
      0.1326467737,      0.5944967502,       4.481803316
      0.1334327999,       0.596764129,       4.472394566
       0.134139085,      0.5988316898,       4.464259541
      0.1349160923,      0.6014462451,       4.457928144
      0.1357424356,      0.6043963025,       4.452522896
      0.1365304889,      0.6071732805,       4.447162572
      0.1372745291,      0.6097276341,       4.441666185
      0.1379595331,      0.6118309108,       4.434857794
      0.1385744942,      0.6135348177,         4.4274729
      0.1391027712,      0.6147004054,       4.419037811
      0.1395886618,      0.6154811417,       4.409248815
      0.1400692781,      0.6161620231,         4.3989805
      0.1405522473,      0.6169172156,       4.389237648
      0.1410880898,      0.6180044201,       4.380273496
      0.1416357153,      0.6191988068,       4.371770253
      0.1421261522,      0.6201783419,       4.363576529
      0.1425453555,      0.6209281478,       4.356004065
      0.1429351433,      0.6215260003,       4.348307813
      0.1433204018,      0.6221285794,       4.340823577
      0.1436905709,      0.6227298669,       4.333825546
      0.1440767555,       0.623512437,       4.327640742
      0.1444875295,       0.624560366,        4.32259011
      0.1449131921,      0.6258174528,       4.318567851
      0.1453385939,      0.6271176838,       4.314873751
      0.1457294179,      0.6283199858,       4.311552154
      0.1461000356,      0.6295144393,       4.308790458
       0.146446379,      0.6306018751,       4.306025723
      0.1467354023,      0.6313815431,       4.302857614
      0.1470077515,       0.632052371,       4.299449277
      0.1472803476,      0.6327461599,       4.296202245
      0.1475320991,      0.6333479385,       4.292950094
      0.1477504401,      0.6337668728,       4.289441523
      0.1479361962,      0.6340192611,       4.285761546
      0.1480988038,      0.6341728978,       4.282093317
      0.1482516765,      0.6343317427,       4.278749203
      0.1484111158,      0.6346064971,       4.276003814
      0.1485734247,      0.6349643383,        4.27374101
      0.1487302565,      0.6353256524,       4.271663798
      0.1488693796,      0.6355964098,       4.269490553
      0.1489881843,      0.6357545932,       4.267147735
      0.1490967727,      0.6358568727,       4.264725929
      0.1491980236,      0.6359474434,       4.262438793
      0.1492945195,      0.6360590751,       4.260431511
      0.1493824999,      0.6361648195,       4.258630159
      0.1494633381,      0.6362680814,       4.257017739
      0.1495369895,      0.6363693869,       4.255598491
       0.149605569,      0.6364714516,       4.254329941
      0.1496692528,      0.6365738935,       4.253204194
       0.149726944,      0.6366670272,       4.252187418
      0.1497800226,      0.6367546074,       4.251265266
      0.1498296674,      0.6368416296,       4.250437451
      0.1498761976,        0.63692932,       4.249702957
      0.1499209873,      0.6370246971,       4.249069518
       0.149964339,      0.6371293667,       4.248539159
      0.1500052384,      0.6372347416,       4.248083256
      0.1500427529,      0.6373328338,        4.24767489
      0.1500767975,      0.6374210558,       4.247299158
      0.1501077356,      0.6374994982,       4.246946338
      0.1501349999,      0.6375629665,       4.246597841
      0.1501590143,      0.6376144033,       4.246261248
      0.1501807815,      0.6376604689,       4.245952527
       0.150201266,      0.6377070625,       4.245683671
       0.150220317,      0.6377526377,       4.245448621
      0.1502375936,      0.6377944141,       4.245238485
      0.1502533614,      0.6378326825,       4.245047676
      0.1502675699,      0.6378664534,       4.244871024
      0.1502800386,      0.6378950058,       4.244708822
      0.1502910944,      0.6379191143,       4.244556984
      0.1503008579,       0.637938753,       4.244411919
       0.150309377,      0.6379539913,       4.244272741
      0.1503167169,      0.6379649326,       4.244138283
      0.1503229559,      0.6379718306,        4.24400802
      0.1503283044,        0.63797559,       4.243882033
      0.1503328364,      0.6379766679,       4.243761265
      0.1503367526,      0.6379760676,       4.243646724
       0.150339942,      0.6379736818,       4.243540828
      0.1503425217,      0.6379702066,       4.243444898
      0.1503446466,      0.6379663933,       4.243359558
      0.1503464177,      0.6379626401,       4.243284609
      0.1503478857,      0.6379590247,       4.243219129
      0.1503490783,      0.6379554838,       4.243161921
      0.1503500143,      0.6379519134,       4.243111758
      0.1503507135,      0.6379482418,       4.243067605
      0.1503511973,       0.637944439,       4.243028659
      0.1503514863,      0.6379404969,       4.242994285
      0.1503516005,      0.6379364235,       4.242963967
      0.1503515611,      0.6379322369,       4.242937234
      0.1503513885,      0.6379279672,       4.242913706
      0.1503511027,      0.6379236499,       4.242893059
      0.1503507221,      0.6379193216,       4.242875012
      0.1503502634,      0.6379150167,       4.242859323
       0.150349741,      0.6379107644,       4.242845781
      0.1503491673,       0.637906588,       4.242834193
      0.1503485528,      0.6379025035,       4.242824367
      0.1503479066,       0.637898521,       4.242816115
      0.1503472363,      0.6378946451,       4.242809253
      0.1503465483,       0.637890877,       4.242803604
      0.1503458484,      0.6378872161,       4.242799004
      0.1503451416,      0.6378836611,       4.242795307
      0.1503444322,       0.637880212,       4.242792384
      0.1503437246,      0.6378768701,       4.242790124
      0.1503430227,      0.6378736381,       4.242788436
      0.1503423298,      0.6378705194,       4.242787245
      0.1503416496,      0.6378675201,       4.242786494
      0.1503409843,      0.6378646417,       4.242786121
       0.150340336,      0.6378618836,       4.242786072
      0.1503397065,      0.6378592473,       4.242786302
      0.1503390969,      0.6378567307,       4.242786766
       0.150338508,      0.6378543302,       4.242787418
      0.1503379403,      0.6378520417,       4.242788216
       0.150337394,      0.6378498604,       4.242789125
      0.1503368692,      0.6378477819,        4.24279011
      0.1503363659,      0.6378458021,       4.242791145
       0.150335884,      0.6378439172,       4.242792208
      0.1503354232,      0.6378421231,       4.242793277
      0.1503349833,      0.6378404159,       4.242794338
      0.1503345637,      0.6378387917,       4.242795376
      0.1503341639,      0.6378372464,       4.242796379
      0.1503337835,      0.6378357763,       4.242797338
      0.1503334217,      0.6378343778,       4.242798244
      0.1503330781,      0.6378330474,       4.242799093
      0.1503327519,      0.6378317818,        4.24279988
      0.1503324426,      0.6378305778,       4.242800602
      0.1503321493,      0.6378294323,       4.242801258
      0.1503318716,      0.6378283424,       4.242801846
      0.1503316087,      0.6378273051,       4.242802365
        0.15033136,      0.6378263179,       4.242802817
      0.1503311249,      0.6378253781,       4.242803203
      0.1503309026,      0.6378244833,       4.242803523
      0.1503306927,      0.6378236313,       4.242803782
      0.1503304944,      0.6378228199,        4.24280398
      0.1503303073,      0.6378220471,       4.242804121
      0.1503301307,      0.6378213112,       4.242804208
      0.1503299642,      0.6378206102,       4.242804246
      0.1503298071,      0.6378199425,       4.242804236
      0.1503296591,      0.6378193065,       4.242804183
      0.1503295197,      0.6378187008,       4.242804089
      0.1503293883,      0.6378181237,       4.242803959
      0.1503292645,       0.637817574,       4.242803796
       0.150329148,      0.6378170504,       4.242803602
      0.1503290383,      0.6378165517,        4.24280338
       0.150328935,      0.6378160766,       4.242803135
      0.1503288378,      0.6378156241,       4.242802867
      0.1503287464,      0.6378151931,       4.242802582
      0.1503286603,      0.6378147827,       4.242802279
      0.1503285794,      0.6378143918,       4.242801964
      0.1503285033,      0.6378140196,       4.242801636
      0.1503284317,      0.6378136653,         4.2428013
      0.1503283644,       0.637813328,       4.242800956
       0.150328301,       0.637813007,       4.242800607
      0.1503282415,      0.6378127014,       4.242800255
      0.1503281856,      0.6378124106,         4.2427999
      0.1503281329,       0.637812134,       4.242799544
      0.1503280835,      0.6378118707,        4.24279919
       0.150328037,      0.6378116204,       4.242798837
      0.1503279933,      0.6378113822,       4.242798486
      0.1503279521,      0.6378111557,        4.24279814
      0.1503279135,      0.6378109404,       4.242797798
      0.1503278772,      0.6378107357,       4.242797462
       0.150327843,      0.6378105411,       4.242797131
      0.1503278109,      0.6378103561,       4.242796808
      0.1503277807,      0.6378101804,       4.242796491
      0.1503277523,      0.6378100134,       4.242796181
      0.1503277256,      0.6378098547,        4.24279588
      0.1503277005,       0.637809704,       4.242795586
      0.1503276768,      0.6378095609,       4.242795301
      0.1503276546,       0.637809425,       4.242795025
      0.1503276337,      0.6378092959,       4.242794756
       0.150327614,      0.6378091734,       4.242794497
      0.1503275955,      0.6378090571,       4.242794246
       0.150327578,      0.6378089467,       4.242794003
      0.1503275616,      0.6378088419,        4.24279377
      0.1503275462,      0.6378087425,       4.242793544
      0.1503275317,      0.6378086482,       4.242793327
       0.150327518,      0.6378085588,       4.242793119
      0.1503275051,      0.6378084739,       4.242792918
      0.1503274929,      0.6378083934,       4.242792726
      0.1503274815,       0.637808317,       4.242792541
      0.1503274707,      0.6378082446,       4.242792364
      0.1503274605,       0.637808176,       4.242792194
      0.1503274509,      0.6378081109,       4.242792032
      0.1503274419,      0.6378080492,       4.242791877
      0.1503274333,      0.6378079907,       4.242791728
      0.1503274253,      0.6378079352,       4.242791586
      0.1503274177,      0.6378078827,        4.24279145
      0.1503274106,      0.6378078329,       4.242791321
      0.1503274038,      0.6378077857,       4.242791197
      0.1503273974,      0.6378077409,        4.24279108
      0.1503273914,      0.6378076985,       4.242790967
      0.1503273858,      0.6378076584,       4.242790861
      0.1503273804,      0.6378076203,       4.242790759
      0.1503273753,      0.6378075842,       4.242790662
      0.1503273705,      0.6378075501,        4.24279057
       0.150327366,      0.6378075177,       4.242790482
      0.1503273617,       0.637807487,       4.242790398
      0.1503273577,       0.637807458,       4.242790319
      0.1503273539,      0.6378074305,       4.242790244
      0.1503273503,      0.6378074044,       4.242790172
      0.1503273469,      0.6378073797,       4.242790104
      0.1503273436,      0.6378073563,        4.24279004
      0.1503273406,      0.6378073342,       4.242789979
      0.1503273377,      0.6378073132,       4.242789921
       0.150327335,      0.6378072933,       4.242789866
      0.1503273324,      0.6378072745,       4.242789813
      0.1503273299,      0.6378072566,       4.242789764
      0.1503273276,      0.6378072398,       4.242789717
      0.1503273254,      0.6378072237,       4.242789672
      0.1503273233,      0.6378072086,        4.24278963
      0.1503273214,      0.6378071942,        4.24278959
      0.1503273195,      0.6378071806,       4.242789552
      0.1503273177,      0.6378071678,       4.242789516
      0.1503273161,      0.6378071556,       4.242789482
      0.1503273145,       0.637807144,        4.24278945
       0.150327313,       0.637807133,        4.24278942
      0.1503273116,      0.6378071227,       4.242789391
      0.1503273102,      0.6378071128,       4.242789363
      0.1503273089,      0.6378071035,       4.242789337
      0.1503273077,      0.6378070947,       4.242789313
      0.1503273066,      0.6378070864,        4.24278929
      0.1503273055,      0.6378070785,       4.242789268
      0.1503273045,       0.637807071,       4.242789247
      0.1503273035,      0.6378070639,       4.242789227
      0.1503273026,      0.6378070571,       4.242789209
      0.1503273017,      0.6378070507,       4.242789191
      0.1503273009,      0.6378070447,       4.242789175
      0.1503273001,       0.637807039,       4.242789159
      0.1503272993,      0.6378070336,       4.242789144
      0.1503272986,      0.6378070284,        4.24278913
      0.1503272979,      0.6378070235,       4.242789116
