VARIABLES = \
       "CD"       ,       "CL"       ,      "CEff"      
      0.1576262656,      0.6044839762,       3.834919098
      0.1136012733,      0.6797203606,       5.983386812
      0.1090877953,      0.6860160689,        6.28866013
      0.1051467628,      0.6894443548,       6.556971766
      0.1038756075,      0.6957814257,        6.69821763
      0.1034526186,      0.7028025824,       6.793473109
      0.1033219063,      0.7071085863,       6.843743126
      0.1034109585,      0.7096043707,       6.861984269
      0.1038169861,      0.7121682305,       6.859843051
      0.1044089306,      0.7148189533,        6.84633919
      0.1050678222,      0.7172888544,       6.826912742
      0.1057814894,      0.7198064644,       6.804654275
      0.1065903132,      0.7227975421,       6.781080947
      0.1074417924,       0.725962483,       6.756797956
      0.1082638034,      0.7288639182,       6.732295514
      0.1090107059,      0.7311730924,       6.707351231
      0.1097089145,      0.7329703847,       6.681046731
      0.1103968471,      0.7346973176,       6.655057065
      0.1111355283,      0.7367559698,       6.629346895
      0.1118820211,      0.7389566044,       6.604784191
      0.1125825288,      0.7409408636,       6.581313028
      0.1132724794,      0.7429527862,       6.558987585
      0.1139163759,      0.7447499185,       6.537689712
      0.1144233057,      0.7457812782,       6.517739317
      0.1148768666,      0.7464392492,       6.497733365
      0.1153468834,      0.7471964267,       6.477820679
      0.1158500138,      0.7481650597,       6.458048949
      0.1163416223,      0.7491625014,       6.439333462
      0.1168283906,      0.7502671364,       6.421959019
      0.1172603436,      0.7511136288,         6.4055213
      0.1176727962,      0.7518886964,       6.389656069
      0.1180640846,      0.7526028513,       6.374528323
      0.1184137111,      0.7531702832,       6.360498932
      0.1187395203,       0.753686787,       6.347396259
      0.1190448583,      0.7541282921,       6.334824563
      0.1193456564,      0.7546153577,       6.322939438
      0.1196576303,       0.755149997,       6.310922211
      0.1199381947,      0.7555829335,       6.299769102
      0.1201961904,      0.7559903157,       6.289636246
      0.1204253397,      0.7562750088,       6.280032182
      0.1206111403,       0.756308267,       6.270633585
      0.1207578426,      0.7561368651,        6.26159634
      0.1208847455,      0.7558909384,       6.252988621
      0.1210078861,      0.7556630146,       6.244741884
      0.1211339395,      0.7554936433,       6.236845318
      0.1212605033,      0.7554005312,       6.229567837
      0.1213846597,      0.7553767189,        6.22299985
      0.1215032887,      0.7553902575,       6.217035486
      0.1216113967,      0.7553902627,       6.211508818
      0.1217139648,      0.7553966879,       6.206327178
      0.1218129449,      0.7554224831,       6.201495941
        0.12191276,      0.7555073282,       6.197114461
      0.1220048669,      0.7555950989,        6.19315539
      0.1220928535,      0.7557076372,       6.189614017
      0.1221766061,      0.7558300164,       6.186372667
      0.1222550172,      0.7559618722,       6.183483422
      0.1223265428,      0.7560890965,       6.180907914
      0.1223919139,      0.7562115792,       6.178607354
      0.1224504269,       0.756313649,       6.176488464
      0.1224987207,       0.756377462,       6.174574375
      0.1225391966,      0.7564156589,       6.172846566
      0.1225763662,      0.7564527015,       6.171276937
      0.1226108918,      0.7564919756,       6.169859498
         0.1226442,      0.7565431788,       6.168601358
       0.122677026,      0.7566121851,       6.167513265
      0.1227090135,      0.7566960648,       6.166589097
      0.1227394509,      0.7567882837,       6.165811223
      0.1227680011,      0.7568848513,       6.165163924
      0.1227948886,      0.7569850674,        6.16463011
      0.1228197273,      0.7570848037,       6.164195449
      0.1228421892,      0.7571800359,       6.163843555
      0.1228613195,      0.7572650513,       6.163575767
      0.1228777475,      0.7573404884,       6.163365653
      0.1228915847,      0.7574056378,       6.163201816
      0.1229027196,      0.7574596178,       6.163082641
      0.1229115881,      0.7575044019,       6.163002315
      0.1229185788,      0.7575416052,       6.162954473
      0.1229238814,      0.7575717074,       6.162933505
      0.1229277075,      0.7575954964,       6.162935205
      0.1229302744,       0.757613877,       6.162956042
      0.1229317265,      0.7576274547,       6.162993689
      0.1229322615,      0.7576372091,       6.163046214
      0.1229321134,      0.7576442662,       6.163111048
      0.1229314246,      0.7576492664,       6.163186257
      0.1229302881,      0.7576526105,       6.163270437
      0.1229287785,      0.7576545892,       6.163362222
      0.1229269569,       0.757655419,       6.163460303
      0.1229248783,      0.7576552884,       6.163563463
      0.1229225945,      0.7576543823,       6.163670602
      0.1229201534,      0.7576528705,       6.163780712
      0.1229175961,      0.7576508895,       6.163892834
      0.1229149579,      0.7576485469,       6.164006072
      0.1229122701,      0.7576459336,       6.164119603
      0.1229095597,      0.7576431251,       6.164232686
      0.1229068486,      0.7576401757,        6.16434466
      0.1229041532,      0.7576371143,        6.16445494
      0.1229014752,      0.7576339109,       6.164563195
      0.1228988366,      0.7576306149,       6.164668728
      0.1228962441,      0.7576272139,       6.164771101
      0.1228936962,      0.7576236811,       6.164870166
      0.1228912048,      0.7576200832,       6.164965872
      0.1228887938,      0.7576165322,       6.165057924
      0.1228864727,      0.7576130617,       6.165146128
      0.1228842437,      0.7576096746,       6.165230396
      0.1228821076,      0.7576063703,       6.165310682
      0.1228800634,      0.7576031411,       6.165386963
      0.1228781099,      0.7575999781,       6.165459242
      0.1228762461,      0.7575968794,       6.165527539
      0.1228744702,      0.7575938467,       6.165591967
      0.1228727813,      0.7575908809,        6.16565258
      0.1228711777,      0.7575879823,       6.165709459
      0.1228696576,      0.7575851538,       6.165762714
      0.1228682199,       0.757582403,       6.165812474
      0.1228668634,      0.7575797385,       6.165858863
      0.1228655867,       0.757577167,       6.165902003
      0.1228643882,      0.7575746931,       6.165942014
      0.1228632658,      0.7575723202,       6.165979029
      0.1228622171,      0.7575700506,       6.166013186
      0.1228612395,      0.7575678863,        6.16604463
      0.1228603304,      0.7575658285,       6.166073507
      0.1228594869,      0.7575638777,       6.166099962
      0.1228587062,      0.7575620338,       6.166124139
      0.1228579851,      0.7575602953,       6.166146177
      0.1228573207,        0.75755866,       6.166166212
      0.1228567099,      0.7575571247,       6.166184371
      0.1228561494,      0.7575556842,       6.166200778
      0.1228556365,      0.7575543366,       6.166215552
      0.1228551683,      0.7575530777,       6.166228807
      0.1228547418,      0.7575519035,       6.166240654
      0.1228543544,      0.7575508103,       6.166251199
      0.1228540035,      0.7575497942,       6.166260542
      0.1228536864,      0.7575488511,       6.166268779
      0.1228534009,      0.7575479771,       6.166275999
      0.1228531445,      0.7575471687,       6.166282288
      0.1228529151,      0.7575464221,       6.166287725
      0.1228527106,      0.7575457338,       6.166292387
       0.122852529,      0.7575451001,       6.166296342
      0.1228523685,      0.7575445178,       6.166299658
      0.1228522273,      0.7575439836,       6.166302396
      0.1228521038,      0.7575434945,       6.166304613
      0.1228519965,      0.7575430477,       6.166306364
      0.1228519039,      0.7575426404,       6.166307697
      0.1228518246,        0.75754227,       6.166308659
      0.1228517575,      0.7575419339,       6.166309291
      0.1228517014,      0.7575416298,       6.166309633
      0.1228516552,      0.7575413555,        6.16630972
      0.1228516178,      0.7575411088,       6.166309586
      0.1228515884,      0.7575408875,       6.166309261
      0.1228515661,      0.7575406898,       6.166308772
      0.1228515501,      0.7575405138,       6.166308144
      0.1228515396,      0.7575403578,       6.166307399
      0.1228515341,      0.7575402201,       6.166306558
      0.1228515328,      0.7575400992,       6.166305639
      0.1228515352,      0.7575399938,       6.166304658
      0.1228515408,      0.7575399024,       6.166303631
      0.1228515493,      0.7575398239,        6.16630257
        0.12285156,      0.7575397571,       6.166301486
      0.1228515727,      0.7575397009,        6.16630039
      0.1228515871,      0.7575396543,       6.166299291
      0.1228516028,      0.7575396164,       6.166298195
      0.1228516195,      0.7575395862,       6.166297111
       0.122851637,       0.757539563,       6.166296043
      0.1228516551,      0.7575395459,       6.166294996
      0.1228516735,      0.7575395344,       6.166293975
      0.1228516922,      0.7575395276,       6.166292982
       0.122851711,      0.7575395251,       6.166292021
      0.1228517296,      0.7575395262,       6.166291093
      0.1228517481,      0.7575395305,         6.1662902
      0.1228517663,      0.7575395376,       6.166289344
      0.1228517842,       0.757539547,       6.166288525
      0.1228518016,      0.7575395583,       6.166287743
      0.1228518185,      0.7575395713,       6.166286999
      0.1228518349,      0.7575395856,       6.166286293
      0.1228518507,      0.7575396009,       6.166285625
      0.1228518659,       0.757539617,       6.166284994
      0.1228518804,      0.7575396337,       6.166284399
      0.1228518943,      0.7575396507,       6.166283839
      0.1228519076,      0.7575396679,       6.166283315
      0.1228519202,      0.7575396851,       6.166282824
      0.1228519321,      0.7575397023,       6.166282366
      0.1228519433,      0.7575397193,       6.166281939
      0.1228519539,       0.757539736,       6.166281542
      0.1228519639,      0.7575397523,       6.166281174
      0.1228519733,      0.7575397683,       6.166280833
      0.1228519821,      0.7575397837,       6.166280518
      0.1228519903,      0.7575397986,       6.166280228
      0.1228519979,       0.757539813,       6.166279961
       0.122852005,      0.7575398268,       6.166279717
      0.1228520116,        0.75753984,       6.166279493
      0.1228520178,      0.7575398526,       6.166279289
      0.1228520234,      0.7575398646,       6.166279103
      0.1228520286,       0.757539876,       6.166278934
      0.1228520334,      0.7575398868,       6.166278781
      0.1228520378,       0.757539897,       6.166278643
      0.1228520418,      0.7575399066,       6.166278518
      0.1228520455,      0.7575399156,       6.166278407
      0.1228520489,       0.757539924,       6.166278308
      0.1228520519,      0.7575399319,       6.166278219
      0.1228520547,      0.7575399393,       6.166278141
      0.1228520572,      0.7575399462,       6.166278072
      0.1228520594,      0.7575399526,       6.166278011
      0.1228520614,      0.7575399585,       6.166277959
      0.1228520632,       0.757539964,       6.166277913
      0.1228520648,      0.7575399691,       6.166277874
      0.1228520662,      0.7575399737,       6.166277841
      0.1228520675,       0.757539978,       6.166277813
      0.1228520686,      0.7575399819,        6.16627779
      0.1228520695,      0.7575399855,       6.166277771
      0.1228520704,      0.7575399887,       6.166277756
      0.1228520711,      0.7575399917,       6.166277745
      0.1228520717,      0.7575399943,       6.166277737
      0.1228520722,      0.7575399968,       6.166277731
      0.1228520726,      0.7575399989,       6.166277728
      0.1228520729,      0.7575400009,       6.166277727
