VARIABLES = \
       "CD"       ,       "CL"       ,      "CEff"      
     0.05979240757,      0.4107782018,       6.870072949
     0.03120039003,      0.4387137003,       14.06116077
      0.0290719305,       0.434353548,       14.94065033
     0.02766630548,      0.4383563603,       15.84441264
     0.02728599305,       0.441352587,       16.17506045
     0.02700730208,      0.4430995769,        16.4066583
     0.02694663161,      0.4450585929,       16.51629782
     0.02695583869,      0.4467865525,       16.57475984
     0.02701913592,      0.4481844791,       16.58766884
     0.02715051426,      0.4496130965,       16.56002138
     0.02732898651,      0.4511000637,       16.50628587
     0.02751849261,      0.4524854946,       16.44296078
     0.02770602929,      0.4537745207,       16.37818671
     0.02789198869,      0.4550486968,       16.31467379
     0.02807399023,      0.4562984101,       16.25342198
      0.0282521612,      0.4574963187,       16.19332112
      0.0284193945,      0.4585760174,       16.13602349
     0.02857537143,      0.4595405729,       16.08170078
     0.02871865532,      0.4603971533,       16.03129214
     0.02884760827,      0.4611464154,       15.98560308
     0.02896607543,      0.4618118502,       15.94319711
     0.02907256944,      0.4623782961,        15.9042804
     0.02916652254,      0.4628436085,       15.86900214
     0.02925413467,      0.4632624442,       15.83579379
     0.02934186403,      0.4636920329,        15.8030871
     0.02942965317,      0.4641468882,       15.77140191
     0.02951471718,      0.4646083039,       15.74158075
     0.02959369949,      0.4650387809,       15.71411445
     0.02966393234,      0.4654091326,       15.68939435
     0.02972489015,      0.4657107672,       15.66736714
     0.02977822809,      0.4659559865,       15.64753903
      0.0298259088,       0.466159295,       15.62934086
     0.02986969884,      0.4663380237,        15.6124113
      0.0299098222,      0.4664988676,       15.59684523
     0.02994655306,      0.4666439031,        15.5825581
     0.02998018401,      0.4667721838,       15.56935687
     0.03001024536,       0.466877395,       15.55726684
     0.03003625692,      0.4669550651,       15.54638004
     0.03005834324,      0.4670050151,       15.53661861
     0.03007699089,       0.467030721,       15.52784063
     0.03009232668,      0.4670352277,       15.52007702
     0.03010498615,      0.4670243439,       15.51318913
     0.03011517003,       0.467000552,       15.50715309
     0.03012345516,      0.4669677936,       15.50180054
      0.0301302795,      0.4669292748,       15.49701107
     0.03013590091,      0.4668875533,       15.49273588
     0.03014040985,      0.4668432711,         15.488949
     0.03014412359,      0.4667993182,       15.48558268
      0.0301473551,      0.4667579568,        15.4825508
     0.03015020212,      0.4667196867,        15.4798195
     0.03015268748,      0.4666843643,       15.47737211
     0.03015483604,      0.4666517778,       15.47518869
     0.03015667282,      0.4666216207,       15.47324612
     0.03015821825,      0.4665935871,       15.47152366
     0.03015948814,      0.4665674216,       15.47000464
     0.03016050024,      0.4665428994,       15.46867246
     0.03016126937,      0.4665198513,       15.46751384
     0.03016181335,      0.4664980637,       15.46651252
     0.03016216488,      0.4664774406,       15.46564852
     0.03016235063,      0.4664578994,       15.46490541
     0.03016239605,      0.4664393248,        15.4642663
     0.03016232256,      0.4664216674,       15.46371857
     0.03016214294,      0.4664048549,       15.46325325
     0.03016186562,       0.466388805,        15.4628633
     0.03016150041,      0.4663734725,       15.46254219
      0.0301610568,      0.4663588169,        15.4622837
     0.03016054376,      0.4663447887,        15.4620816
     0.03015997056,      0.4663313398,       15.46192954
     0.03015934632,      0.4663184233,        15.4618213
     0.03015868069,      0.4663060039,       15.46175075
     0.03015798396,      0.4662940624,       15.46171199
     0.03015726649,      0.4662825943,       15.46169957
     0.03015653847,      0.4662716097,       15.46170858
     0.03015580922,      0.4662611257,       15.46173483
     0.03015508661,      0.4662511609,       15.46177489
     0.03015437687,      0.4662417302,       15.46182606
     0.03015368463,      0.4662328424,       15.46188627
     0.03015301334,      0.4662245002,       15.46195383
     0.03015236558,      0.4662167011,       15.46202735
      0.0301517434,      0.4662094383,       15.46210553
     0.03015114849,      0.4662027013,       15.46218717
     0.03015058216,      0.4661964761,       15.46227113
     0.03015004539,      0.4661907455,       15.46235634
     0.03014953877,      0.4661854883,       15.46244179
     0.03014906245,        0.46618068,        15.4625266
     0.03014861613,      0.4661762925,       15.46260997
     0.03014819911,      0.4661722957,       15.46269129
     0.03014781033,      0.4661686583,       15.46277004
      0.0301474485,       0.466165349,       15.46284585
     0.03014711214,      0.4661623381,       15.46291851
     0.03014679969,       0.466159598,       15.46298787
     0.03014650965,      0.4661571043,       15.46305392
     0.03014624058,      0.4661548357,       15.46311669
     0.03014599116,      0.4661527742,       15.46317624
     0.03014576024,      0.4661509041,       15.46323265
     0.03014554679,      0.4661492119,       15.46328601
      0.0301453499,      0.4661476855,       15.46333637
     0.03014516877,      0.4661463135,       15.46338377
     0.03014500261,      0.4661450846,       15.46342824
     0.03014485068,      0.4661439881,        15.4634698
     0.03014471219,      0.4661430128,       15.46350849
     0.03014458636,      0.4661421479,       15.46354435
     0.03014447233,      0.4661413827,       15.46357745
     0.03014436923,      0.4661407069,       15.46360792
     0.03014427617,      0.4661401109,       15.46363589
     0.03014419226,      0.4661395857,       15.46366151
     0.03014411662,      0.4661391235,       15.46368498
     0.03014404847,      0.4661387173,       15.46370647
     0.03014398706,      0.4661383614,       15.46372617
     0.03014393174,      0.4661380506,       15.46374423
     0.03014388196,      0.4661377809,       15.46376082
     0.03014383723,      0.4661375485,       15.46377606
     0.03014379715,      0.4661373504,       15.46379005
     0.03014376136,      0.4661371836,       15.46380288
     0.03014372956,      0.4661370456,       15.46381461
     0.03014370147,      0.4661369337,       15.46382531
     0.03014367683,      0.4661368454,       15.46383502
     0.03014365536,      0.4661367782,       15.46384381
     0.03014363681,      0.4661367297,       15.46385171
     0.03014362093,      0.4661366974,       15.46385879
     0.03014360744,      0.4661366791,        15.4638651
      0.0301435961,      0.4661366728,       15.46387071
     0.03014358665,      0.4661366765,       15.46387568
     0.03014357888,      0.4661366885,       15.46388006
     0.03014357256,      0.4661367075,       15.46388394
      0.0301435675,      0.4661367321,       15.46388735
     0.03014356353,      0.4661367615,       15.46389036
     0.03014356052,      0.4661367947,         15.463893
     0.03014355833,      0.4661368309,       15.46389533
     0.03014355686,      0.4661368697,       15.46389737
     0.03014355602,      0.4661369104,       15.46389915
     0.03014355573,      0.4661369525,        15.4639007
     0.03014355592,      0.4661369957,       15.46390203
     0.03014355653,      0.4661370395,       15.46390317
     0.03014355749,      0.4661370834,       15.46390414
     0.03014355876,      0.4661371272,       15.46390494
     0.03014356028,      0.4661371705,       15.46390559
     0.03014356201,      0.4661372129,       15.46390612
     0.03014356389,      0.4661372544,       15.46390653
      0.0301435659,      0.4661372947,       15.46390683
     0.03014356799,      0.4661373336,       15.46390705
     0.03014357014,      0.4661373711,       15.46390719
     0.03014357231,      0.4661374071,       15.46390727
     0.03014357449,      0.4661374416,        15.4639073
     0.03014357666,      0.4661374747,       15.46390729
     0.03014357881,      0.4661375064,       15.46390724
     0.03014358092,      0.4661375368,       15.46390716
       0.030143583,      0.4661375659,       15.46390706
     0.03014358504,      0.4661375937,       15.46390693
     0.03014358704,      0.4661376204,       15.46390679
     0.03014358899,       0.466137646,       15.46390664
      0.0301435909,      0.4661376705,       15.46390648
     0.03014359276,       0.466137694,        15.4639063
     0.03014359457,      0.4661377164,       15.46390612
     0.03014359632,      0.4661377378,       15.46390593
     0.03014359802,      0.4661377582,       15.46390573
     0.03014359966,      0.4661377776,       15.46390553
     0.03014360123,      0.4661377959,       15.46390533
     0.03014360275,      0.4661378133,       15.46390514
     0.03014360419,      0.4661378298,       15.46390494
     0.03014360557,      0.4661378453,       15.46390475
     0.03014360688,      0.4661378598,       15.46390456
     0.03014360812,      0.4661378735,       15.46390437
      0.0301436093,      0.4661378864,        15.4639042
     0.03014361041,      0.4661378984,       15.46390403
     0.03014361146,      0.4661379097,       15.46390386
     0.03014361244,      0.4661379202,       15.46390371
     0.03014361337,      0.4661379301,       15.46390356
     0.03014361424,      0.4661379394,       15.46390342
     0.03014361507,      0.4661379481,       15.46390329
     0.03014361584,      0.4661379562,       15.46390316
     0.03014361657,      0.4661379638,       15.46390304
     0.03014361725,      0.4661379709,       15.46390292
