VARIABLES = \
       "CD"       ,       "CL"       ,      "CEff"      
     0.08764857121,      0.2148431761,       2.451188572
      0.0446579621,      0.2131319398,       4.772540657
     0.04224189645,      0.2058822131,         4.8738866
     0.03916826371,      0.2017135691,       5.149923687
     0.03799169203,      0.2000606357,       5.265904859
     0.03747897585,      0.2000638009,       5.338027423
     0.03740058812,        0.20121881,       5.380097481
     0.03752700705,      0.2027994841,       5.404094279
      0.0377235526,      0.2043002987,       5.415722662
     0.03791325946,      0.2056292327,       5.423675928
     0.03808365296,      0.2068372132,       5.431128505
     0.03825152255,      0.2080118621,       5.438002157
     0.03842435475,      0.2091891102,        5.44418017
     0.03860010018,      0.2103788133,       5.450214179
     0.03876830435,      0.2115172035,       5.455931258
     0.03892591049,      0.2125878939,       5.461346729
     0.03907195811,      0.2135753063,       5.466204323
     0.03921057124,      0.2145083047,        5.47067533
     0.03934244144,      0.2153877799,       5.474692775
     0.03946225574,       0.216160653,       5.477655774
     0.03957100078,      0.2168280905,       5.479469465
     0.03967213719,      0.2174296501,       5.480663898
     0.03976462167,      0.2179756428,       5.481647595
     0.03984906969,      0.2184757663,       5.482581351
     0.03992724999,      0.2189466184,        5.48363883
     0.04000076655,      0.2193984287,       5.484855607
     0.04006819676,      0.2198126345,        5.48596274
     0.04012748522,      0.2201700019,       5.486763017
     0.04018087057,      0.2204869123,       5.487360257
     0.04022931001,      0.2207719277,       5.487837789
     0.04027370277,      0.2210332375,       5.488277021
     0.04031482206,      0.2212741199,       5.488654262
     0.04035294291,      0.2214920901,       5.488870802
     0.04038789284,      0.2216844252,       5.488883167
     0.04041931635,      0.2218480398,       5.488663834
     0.04044714871,      0.2219813668,       5.488183317
     0.04047224637,      0.2220901477,       5.487467773
     0.04049505486,      0.2221787164,       5.486564153
     0.04051597683,      0.2222512043,       5.485520075
      0.0405353918,      0.2223117915,       5.484387388
     0.04055322722,      0.2223609184,       5.483186755
      0.0405694509,       0.222399624,       5.481948092
      0.0405841694,      0.2224293511,       5.480692456
     0.04059744904,      0.2224511123,       5.479435716
     0.04060935852,      0.2224657536,       5.478189307
     0.04062002921,      0.2224746264,       5.476968647
      0.0406296534,      0.2224793761,       5.475788187
      0.0406383442,      0.2224810219,       5.474657648
     0.04064616205,      0.2224802994,       5.473586881
     0.04065318811,      0.2224780621,       5.472585852
     0.04065950118,      0.2224750281,       5.471661522
     0.04066513855,      0.2224713648,       5.470812905
     0.04067017438,      0.2224673295,       5.470036285
     0.04067461844,      0.2224627301,       5.469325556
     0.04067850539,      0.2224574826,       5.468673945
     0.04068190041,      0.2224517069,       5.468075596
     0.04068486209,      0.2224454802,       5.467524498
      0.0406874379,      0.2224388463,       5.467015319
     0.04068966627,      0.2224318399,       5.466543729
     0.04069158169,      0.2224244942,       5.466105885
     0.04069321511,      0.2224168474,       5.465698563
     0.04069459818,      0.2224089553,       5.465318868
     0.04069576109,      0.2224008871,       5.464964439
     0.04069673478,      0.2223927321,       5.464633301
     0.04069754785,       0.222384571,       5.464323596
     0.04069822614,      0.2223764723,       5.464033531
     0.04069878667,      0.2223684406,       5.463760933
      0.0406992461,      0.2223604935,        5.46350399
     0.04069961921,      0.2223526449,       5.463261062
     0.04069991911,      0.2223449061,       5.463030664
     0.04070015623,      0.2223372945,       5.462811818
      0.0407003396,      0.2223298287,       5.462603773
     0.04070047738,      0.2223225327,       5.462406022
     0.04070057671,      0.2223154351,       5.462218303
     0.04070064381,      0.2223085637,       5.462040471
     0.04070068392,      0.2223019455,       5.461872483
     0.04070070146,       0.222295605,       5.461714343
      0.0407007003,      0.2222895646,       5.461566091
     0.04070068364,      0.2222838422,       5.461427729
     0.04070065415,      0.2222784493,       5.461299185
      0.0407006141,      0.2222733924,       5.461180311
     0.04070056507,       0.222268671,       5.461070887
     0.04070050837,      0.2222642794,       5.460970594
     0.04070044511,      0.2222602066,       5.460879017
     0.04070037614,      0.2222564377,       5.460795667
     0.04070030214,       0.222252954,       5.460720001
     0.04070022361,      0.2222497348,       5.460651444
     0.04070014104,      0.2222467587,       5.460589399
      0.0407000549,      0.2222440036,       5.460533265
     0.04069996563,       0.222241448,        5.46048245
     0.04069987369,      0.2222390722,       5.460436409
     0.04069977959,      0.2222368584,       5.460394641
     0.04069968384,       0.222234791,       5.460356691
     0.04069958709,      0.2222328575,       5.460322166
     0.04069948987,      0.2222310471,       5.460290725
     0.04069939278,      0.2222293505,       5.460262065
     0.04069929643,      0.2222277602,       5.460235918
     0.04069920143,      0.2222262698,       5.460212044
     0.04069910838,      0.2222248735,       5.460190218
     0.04069901785,      0.2222235661,        5.46017024
     0.04069893034,      0.2222223432,       5.460151935
     0.04069884632,      0.2222212005,        5.46013513
     0.04069876621,      0.2222201339,       5.460119668
     0.04069869039,      0.2222191394,       5.460105406
     0.04069861915,      0.2222182133,       5.460092207
     0.04069855269,      0.2222173517,       5.460079954
     0.04069849112,      0.2222165509,       5.460068537
     0.04069843449,      0.2222158073,       5.460057865
     0.04069838276,      0.2222151176,       5.460047859
     0.04069833582,      0.2222144786,       5.460038453
     0.04069829353,      0.2222138872,       5.460029597
     0.04069825566,      0.2222133409,       5.460021254
     0.04069822193,      0.2222128371,         5.4600134
     0.04069819204,      0.2222123735,       5.460006017
     0.04069816567,      0.2222119479,       5.459999099
     0.04069814245,      0.2222115584,       5.459992644
     0.04069812205,      0.2222112032,       5.459986651
     0.04069810414,      0.2222108804,       5.459981125
     0.04069808838,      0.2222105885,       5.459976065
     0.04069807447,      0.2222103257,       5.459971474
     0.04069806214,      0.2222100904,       5.459967349
     0.04069805112,       0.222209881,       5.459963682
     0.04069804118,      0.2222096958,       5.459960463
     0.04069803213,       0.222209533,       5.459957678
      0.0406980238,       0.222209391,       5.459955307
     0.04069801603,      0.2222092679,       5.459953326
      0.0406980087,      0.2222091621,       5.459951708
     0.04069800173,      0.2222090717,       5.459950423
     0.04069799504,      0.2222089952,       5.459949439
     0.04069798858,      0.2222089307,       5.459948721
     0.04069798234,      0.2222088768,       5.459948234
     0.04069797628,       0.222208832,       5.459947945
     0.04069797042,      0.2222087948,       5.459947819
     0.04069796476,      0.2222087641,       5.459947824
     0.04069795931,      0.2222087387,       5.459947931
     0.04069795409,      0.2222087175,        5.45994811
     0.04069794913,      0.2222086996,       5.459948337
     0.04069794443,      0.2222086842,       5.459948589
     0.04069794002,      0.2222086707,       5.459948847
     0.04069793591,      0.2222086584,       5.459949095
     0.04069793212,      0.2222086469,       5.459949321
     0.04069792865,      0.2222086359,       5.459949516
     0.04069792551,      0.2222086251,       5.459949673
      0.0406979227,      0.2222086144,       5.459949789
     0.04069792021,      0.2222086038,        5.45994986
     0.04069791804,       0.222208593,       5.459949888
     0.04069791616,      0.2222085823,       5.459949875
     0.04069791457,      0.2222085715,       5.459949824
     0.04069791324,      0.2222085608,       5.459949739
     0.04069791215,      0.2222085501,       5.459949625
     0.04069791126,      0.2222085397,       5.459949488
     0.04069791057,      0.2222085296,       5.459949333
     0.04069791003,      0.2222085199,       5.459949166
     0.04069790962,      0.2222085107,       5.459948993
     0.04069790931,      0.2222085019,        5.45994882
     0.04069790909,      0.2222084938,        5.45994865
     0.04069790893,      0.2222084863,       5.459948487
      0.0406979088,      0.2222084794,       5.459948336
     0.04069790869,      0.2222084732,       5.459948198
     0.04069790859,      0.2222084677,       5.459948075
     0.04069790848,      0.2222084627,       5.459947968
     0.04069790836,      0.2222084584,       5.459947878
     0.04069790821,      0.2222084546,       5.459947804
     0.04069790804,      0.2222084513,       5.459947747
     0.04069790783,      0.2222084485,       5.459947706
      0.0406979076,      0.2222084462,       5.459947679
     0.04069790734,      0.2222084442,       5.459947665
     0.04069790706,      0.2222084425,       5.459947663
     0.04069790676,      0.2222084412,        5.45994767
     0.04069790645,      0.2222084401,       5.459947686
     0.04069790613,      0.2222084393,       5.459947708
      0.0406979058,      0.2222084386,       5.459947736
     0.04069790548,      0.2222084381,       5.459947766
     0.04069790517,      0.2222084378,       5.459947799
     0.04069790487,      0.2222084375,       5.459947833
      0.0406979046,      0.2222084374,       5.459947866
     0.04069790435,      0.2222084373,       5.459947899
     0.04069790412,      0.2222084373,       5.459947929
     0.04069790393,      0.2222084374,       5.459947958
     0.04069790377,      0.2222084376,       5.459947984
     0.04069790363,      0.2222084378,       5.459948007
     0.04069790353,      0.2222084381,       5.459948027
     0.04069790347,      0.2222084385,       5.459948045
     0.04069790343,      0.2222084389,        5.45994806
     0.04069790342,      0.2222084393,       5.459948073
     0.04069790343,      0.2222084398,       5.459948083
     0.04069790346,      0.2222084404,       5.459948092
     0.04069790352,      0.2222084409,       5.459948099
     0.04069790359,      0.2222084415,       5.459948104
     0.04069790367,      0.2222084422,       5.459948109
     0.04069790376,      0.2222084428,       5.459948113
     0.04069790385,      0.2222084435,       5.459948116
     0.04069790395,      0.2222084441,        5.45994812
     0.04069790405,      0.2222084448,       5.459948122
     0.04069790414,      0.2222084454,       5.459948125
     0.04069790423,       0.222208446,       5.459948128
     0.04069790431,      0.2222084466,       5.459948131
     0.04069790438,      0.2222084471,       5.459948135
     0.04069790445,      0.2222084476,       5.459948138
      0.0406979045,      0.2222084481,       5.459948142
     0.04069790455,      0.2222084485,       5.459948145
     0.04069790458,      0.2222084488,       5.459948149
     0.04069790461,      0.2222084491,       5.459948153
     0.04069790462,      0.2222084493,       5.459948156
