VARIABLES = \
       "CD"       ,       "CL"       ,      "CEff"      
      0.2134729209,       0.248404008,       1.163632403
       0.155002131,      0.2561006896,       1.652239798
      0.1477495713,      0.2549968303,        1.72587188
      0.1428256073,      0.2526599368,       1.769010065
      0.1403861052,      0.2506860568,       1.785689947
      0.1393077338,      0.2487690296,       1.785751752
       0.139255896,      0.2487063823,       1.785966623
      0.1397056966,      0.2508378176,       1.795473082
      0.1404377578,      0.2548791568,       1.814890531
      0.1412596798,      0.2593125667,       1.835715379
      0.1420925311,      0.2631163059,       1.851725097
      0.1429067188,      0.2661065495,       1.862099639
      0.1437035439,      0.2687255597,       1.869999531
      0.1445097157,      0.2715432687,       1.879065828
      0.1453261735,      0.2746764481,       1.890068674
      0.1461524356,      0.2781997374,       1.903490258
      0.1470192023,      0.2822039311,       1.919503892
      0.1478961266,       0.286388713,       1.936417942
      0.1487235137,      0.2902356378,       1.951511437
      0.1494189371,      0.2931149295,       1.961698666
      0.1499700047,       0.294852388,       1.966075741
      0.1504166448,      0.2954682039,       1.964331834
      0.1508219273,      0.2953737038,       1.958426795
      0.1512556485,      0.2953136306,         1.9524139
      0.1517141064,      0.2955155018,       1.947844592
       0.152222781,      0.2963742096,       1.946976712
      0.1527609984,      0.2978271519,        1.94962821
      0.1532803883,      0.2994500878,       1.953609924
      0.1537864234,      0.3011010338,       1.957916877
        0.15427352,      0.3026619424,       1.961852834
      0.1547194109,      0.3040102189,       1.964913239
      0.1551346676,      0.3051572007,       1.967047117
      0.1555075901,      0.3060479376,       1.968057877
      0.1558508236,      0.3068141276,       1.968639758
      0.1561667831,      0.3075383863,       1.969294495
      0.1564663945,      0.3082701946,       1.970200666
      0.1567360653,      0.3088901123,       1.970766024
      0.1569866722,      0.3094232448,       1.971016013
      0.1572114311,       0.309862056,       1.970989347
      0.1574286822,      0.3103549092,       1.971400033
      0.1576458507,      0.3109558333,       1.972496149
      0.1578624033,      0.3116193037,       1.973993156
      0.1580663009,      0.3122501841,       1.975438043
      0.1582507093,      0.3128062399,       1.976649844
      0.1584089527,      0.3132477431,        1.97746237
      0.1585549162,      0.3136428042,       1.978133582
      0.1587066416,      0.3140821509,       1.979010757
      0.1588504064,      0.3145015265,       1.979859753
      0.1589729439,      0.3148155243,       1.980308829
      0.1590811284,      0.3150351876,       1.980342928
      0.1591762785,      0.3151806967,       1.980073285
      0.1592655761,      0.3153041418,       1.979738179
      0.1593469143,       0.315400792,       1.979334168
      0.1594198499,      0.3154663757,       1.978839999
      0.1594863082,      0.3155156241,       1.978324206
      0.1595485531,      0.3155645083,        1.97785879
      0.1596086288,      0.3156224135,       1.977477132
      0.1596664853,      0.3156909939,         1.9771901
      0.1597209062,      0.3157678397,       1.976997546
      0.1597722007,      0.3158514018,       1.976885843
      0.1598208197,      0.3159391461,       1.976833473
      0.1598674921,       0.316035392,       1.976858384
      0.1599117372,      0.3161356089,       1.976938118
      0.1599531278,      0.3162337963,       1.977040404
      0.1599916551,       0.316324225,       1.977129525
      0.1600275534,      0.3164037767,       1.977183116
       0.160061251,      0.3164740842,       1.977206115
      0.1600920174,      0.3165333865,       1.977196562
      0.1601197589,      0.3165803239,       1.977147144
      0.1601443268,      0.3166135919,       1.977051565
      0.1601667445,      0.3166390684,        1.97693391
      0.1601873963,      0.3166594328,       1.976806166
      0.1602063525,      0.3166753748,       1.976671772
      0.1602236589,      0.3166871844,       1.976531972
      0.1602392623,      0.3166947521,       1.976386733
      0.1602535432,      0.3167000619,       1.976243742
       0.160266739,      0.3167046773,       1.976109824
      0.1602789468,      0.3167092204,       1.975987656
      0.1602902182,      0.3167135528,       1.975875736
      0.1603006602,      0.3167182455,       1.975776302
      0.1603104007,      0.3167242732,       1.975693854
      0.1603195302,      0.3167319871,       1.975629462
      0.1603280464,      0.3167408892,       1.975580045
      0.1603359569,      0.3167505099,        1.97554258
      0.1603432952,      0.3167604483,       1.975514149
      0.1603501125,      0.3167704976,        1.97549283
      0.1603564466,       0.316780583,       1.975477692
      0.1603623221,      0.3167906313,       1.975467973
      0.1603677727,      0.3168004478,       1.975462043
      0.1603728249,      0.3168099541,       1.975459086
      0.1603775094,      0.3168191406,       1.975458665
      0.1603818594,      0.3168280578,       1.975460685
       0.160385903,      0.3168367455,       1.975465047
      0.1603896649,      0.3168452361,       1.975471651
      0.1603931665,      0.3168535668,       1.975480462
      0.1603964276,      0.3168617659,       1.975491416
      0.1603994746,      0.3168699271,        1.97550477
      0.1604023458,      0.3168783062,       1.975521646
      0.1604050388,      0.3168868819,       1.975541942
      0.1604075228,       0.316895342,       1.975564091
        0.16040979,      0.3169034189,        1.97558652
       0.160411872,      0.3169110916,       1.975608711
      0.1604138026,      0.3169184495,       1.975630802
      0.1604155946,      0.3169255128,       1.975652764
      0.1604172594,      0.3169323045,       1.975674598
      0.1604188124,      0.3169387919,       1.975695912
       0.160420244,      0.3169448864,       1.975716271
      0.1604215803,      0.3169506874,       1.975735975
      0.1604228279,      0.3169562295,       1.975755156
      0.1604239902,       0.316961523,        1.97577384
      0.1604250746,      0.3169665899,       1.975792068
      0.1604260897,      0.3169714533,       1.975809882
      0.1604270425,      0.3169761303,       1.975827301
      0.1604279381,      0.3169806322,       1.975844332
      0.1604287801,      0.3169849657,       1.975860974
      0.1604295711,      0.3169891327,       1.975877206
      0.1604303142,      0.3169931357,       1.975893006
      0.1604310127,      0.3169969784,       1.975908355
      0.1604316688,      0.3170006608,       1.975923227
       0.160432285,      0.3170041847,       1.975937603
      0.1604328638,      0.3170075521,       1.975951465
      0.1604334072,      0.3170107649,       1.975964797
      0.1604339176,      0.3170138264,       1.975977594
       0.160434397,      0.3170167418,       1.975989861
      0.1604348474,      0.3170195165,       1.976001608
      0.1604352709,       0.317022156,       1.976012845
       0.160435669,      0.3170246651,        1.97602358
      0.1604360434,      0.3170270483,       1.976033824
      0.1604363955,      0.3170293103,       1.976043587
      0.1604367266,      0.3170314562,       1.976052883
      0.1604370382,      0.3170334909,       1.976061728
      0.1604373315,      0.3170354197,       1.976070138
      0.1604376076,      0.3170372474,       1.976078129
      0.1604378675,      0.3170389786,       1.976085718
      0.1604381123,      0.3170406177,       1.976092919
      0.1604383429,      0.3170421691,       1.976099748
      0.1604385602,      0.3170436368,       1.976106221
      0.1604387649,       0.317045025,       1.976112351
      0.1604389578,      0.3170463344,       1.976118138
      0.1604391439,      0.3170475796,       1.976123606
      0.1604393226,       0.317048756,       1.976128738
      0.1604394906,      0.3170498594,       1.976133545
      0.1604396491,       0.317050899,       1.976138073
      0.1604397994,      0.3170518808,       1.976142342
      0.1604399418,       0.317052805,       1.976146348
      0.1604400765,      0.3170536725,       1.976150095
      0.1604402038,      0.3170544862,         1.9761536
      0.1604403238,      0.3170552491,       1.976156876
      0.1604404367,      0.3170559632,       1.976159936
      0.1604405427,      0.3170566304,       1.976162789
      0.1604406422,      0.3170572528,       1.976165443
      0.1604407355,      0.3170578331,        1.97616791
      0.1604408231,       0.317058374,       1.976170203
      0.1604409052,      0.3170588784,       1.976172336
      0.1604409823,      0.3170593493,       1.976174321
      0.1604410547,      0.3170597891,       1.976176171
      0.1604411226,      0.3170602004,       1.976177898
      0.1604411865,      0.3170605853,        1.97617951
      0.1604412465,      0.3170609457,       1.976181017
       0.160441303,      0.3170612836,       1.976182427
      0.1604413561,      0.3170616006,       1.976183749
      0.1604414062,      0.3170618984,       1.976184988
      0.1604414533,      0.3170621782,       1.976186152
      0.1604414976,      0.3170624414,       1.976187246
      0.1604415394,       0.317062689,       1.976188275
      0.1604415787,      0.3170629221,       1.976189243
      0.1604416158,      0.3170631416,       1.976190155
      0.1604416507,      0.3170633484,       1.976191014
      0.1604416836,      0.3170635433,       1.976191823
      0.1604417146,       0.317063727,       1.976192587
      0.1604417438,      0.3170639004,       1.976193307
      0.1604417714,      0.3170640638,       1.976193987
      0.1604417974,      0.3170642181,       1.976194628
      0.1604418219,      0.3170643636,       1.976195233
      0.1604418449,      0.3170645009,       1.976195805
      0.1604418667,      0.3170646305,       1.976196344
      0.1604418872,      0.3170647528,       1.976196854
      0.1604419066,      0.3170648682,       1.976197335
      0.1604419248,      0.3170649771,       1.976197789
       0.160441942,        0.31706508,       1.976198218
      0.1604419582,       0.317065177,       1.976198624
      0.1604419735,      0.3170652686,       1.976199006
      0.1604419879,      0.3170653551,       1.976199368
      0.1604420015,      0.3170654367,       1.976199709
      0.1604420143,      0.3170655138,       1.976200032
      0.1604420264,      0.3170655866,       1.976200336
      0.1604420378,      0.3170656554,       1.976200624
      0.1604420486,      0.3170657203,       1.976200897
      0.1604420587,      0.3170657816,       1.976201154
      0.1604420683,      0.3170658396,       1.976201397
      0.1604420773,      0.3170658943,       1.976201627
      0.1604420858,       0.317065946,       1.976201845
      0.1604420939,      0.3170659949,        1.97620205
      0.1604421015,      0.3170660411,       1.976202245
      0.1604421086,      0.3170660848,       1.976202429
      0.1604421154,      0.3170661261,       1.976202603
      0.1604421217,      0.3170661652,       1.976202768
      0.1604421278,      0.3170662021,       1.976202924
      0.1604421334,       0.317066237,       1.976203072
      0.1604421388,        0.31706627,       1.976203212
      0.1604421439,      0.3170663013,       1.976203344
      0.1604421486,      0.3170663308,        1.97620347
      0.1604421532,      0.3170663588,       1.976203588
      0.1604421574,      0.3170663852,         1.9762037
      0.1604421614,      0.3170664102,       1.976203807
      0.1604421652,      0.3170664339,       1.976203908
      0.1604421688,      0.3170664563,       1.976204003
      0.1604421722,      0.3170664775,       1.976204093
      0.1604421754,      0.3170664976,       1.976204179
      0.1604421784,      0.3170665166,        1.97620426
      0.1604421813,      0.3170665345,       1.976204337
       0.160442184,      0.3170665515,        1.97620441
      0.1604421866,      0.3170665676,       1.976204479
       0.160442189,      0.3170665829,       1.976204544
      0.1604421912,      0.3170665973,       1.976204606
      0.1604421934,       0.317066611,       1.976204664
      0.1604421954,      0.3170666239,        1.97620472
      0.1604421974,      0.3170666361,       1.976204773
      0.1604421992,      0.3170666477,       1.976204822
      0.1604422009,      0.3170666587,        1.97620487
      0.1604422025,      0.3170666691,       1.976204914
      0.1604422041,      0.3170666789,       1.976204957
      0.1604422055,      0.3170666882,       1.976204997
      0.1604422069,      0.3170666971,       1.976205035
      0.1604422082,      0.3170667054,       1.976205071
      0.1604422094,      0.3170667133,       1.976205105
      0.1604422106,      0.3170667208,       1.976205137
      0.1604422117,      0.3170667279,       1.976205168
      0.1604422127,      0.3170667346,       1.976205197
      0.1604422137,      0.3170667409,       1.976205225
      0.1604422146,       0.317066747,       1.976205251
      0.1604422155,      0.3170667527,       1.976205275
      0.1604422163,      0.3170667581,       1.976205299
      0.1604422171,      0.3170667632,       1.976205321
      0.1604422179,       0.317066768,       1.976205342
      0.1604422186,      0.3170667726,       1.976205362
      0.1604422192,      0.3170667769,       1.976205381
      0.1604422199,       0.317066781,       1.976205398
      0.1604422204,      0.3170667849,       1.976205415
       0.160442221,      0.3170667886,       1.976205431
      0.1604422215,       0.317066792,       1.976205446
