VARIABLES = \
       "CD"       ,       "CL"       ,      "CEff"      
     0.05875714658,      0.3024423628,        5.14732897
     0.02476556257,      0.3079452998,       12.43441569
      0.0224012111,      0.3013920886,       13.45427652
     0.02041044919,      0.3029446635,       14.84262599
     0.01965545043,      0.3042092593,       15.47709427
      0.0190903222,      0.3048749165,       15.97012943
     0.01877073986,      0.3058646045,       16.29475485
     0.01860154347,      0.3070796946,       16.50829111
     0.01854471257,      0.3082812542,       16.62367389
     0.01856050782,      0.3094057406,       16.67011181
     0.01862548626,       0.310518033,       16.67167389
     0.01872260417,      0.3116282658,       16.64449363
     0.01883672371,      0.3126758684,        16.5992703
     0.01895627415,      0.3136135259,       16.54404886
     0.01907346116,      0.3144326243,       16.48534693
     0.01918437126,      0.3151452589,       16.42718724
      0.0192884225,      0.3157685753,        16.3708865
     0.01938553356,      0.3163126588,       16.31694366
     0.01947654689,      0.3167977476,       16.26560136
     0.01956106416,      0.3172371955,        16.2177882
     0.01964108769,      0.3176597863,       16.17322784
     0.01971474295,      0.3180548718,       16.13284396
     0.01978028595,      0.3184063547,       16.09715631
     0.01984006263,      0.3187239894,        16.0646665
     0.01989517155,      0.3190182485,       16.03495841
      0.0199455965,      0.3192847249,       16.00778021
     0.01999206603,      0.3195219704,       15.98243873
     0.02003461289,      0.3197284279,       15.95880238
     0.02007392655,      0.3199094723,       15.93656685
     0.02011072703,      0.3200699079,       15.91538224
     0.02014488882,       0.320211674,        15.8954302
     0.02017699095,      0.3203389593,       15.87644858
     0.02020600434,      0.3204503935,       15.85916681
     0.02023243558,      0.3205504672,       15.84339493
     0.02025653779,      0.3206403525,       15.82898103
     0.02027848543,      0.3207198778,       15.81577081
     0.02029867082,      0.3207915544,       15.80357439
     0.02031721808,      0.3208561474,       15.79232679
     0.02033391846,      0.3209119902,       15.78210274
     0.02034882773,       0.320959693,       15.77288369
       0.020362085,      0.3210002681,       15.76460702
     0.02037390232,      0.3210346992,       15.75715315
     0.02038448797,      0.3210635762,        15.7503871
     0.02039402892,      0.3210872362,       15.74417872
     0.02040258318,      0.3211062539,       15.73850973
     0.02041026677,      0.3211218944,       15.73335116
     0.02041715711,      0.3211343253,       15.72865035
     0.02042329742,      0.3211438556,       15.72438813
     0.02042880534,      0.3211511969,       15.72050796
     0.02043372724,      0.3211567128,       15.71699128
     0.02043809152,      0.3211606828,       15.71382938
     0.02044193251,      0.3211633955,       15.71100948
     0.02044529654,       0.321165137,        15.7085096
     0.02044823989,      0.3211661394,       15.70629752
     0.02045081214,      0.3211665332,       15.70434128
     0.02045305651,      0.3211663891,       15.70261095
     0.02045501287,      0.3211657513,       15.70107794
     0.02045671893,      0.3211646593,       15.69971511
     0.02045820918,      0.3211631542,       15.69849792
     0.02045951413,      0.3211612963,       15.69740583
     0.02046065836,      0.3211591593,       15.69642353
     0.02046166262,      0.3211568288,       15.69553925
     0.02046254317,      0.3211543909,       15.69474469
     0.02046331271,      0.3211519246,       15.69403396
     0.02046398225,      0.3211494976,       15.69340189
     0.02046456215,      0.3211471589,       15.69284291
     0.02046506286,      0.3211449387,       15.69235047
     0.02046549465,      0.3211428507,       15.69191736
     0.02046586719,      0.3211408978,        15.6915363
     0.02046618882,      0.3211390764,        15.6912007
     0.02046646619,      0.3211373794,       15.69090513
     0.02046670428,      0.3211357987,       15.69064537
     0.02046690667,      0.3211343257,       15.69041823
     0.02046707625,      0.3211329526,       15.69022114
     0.02046721572,      0.3211316728,        15.6900517
     0.02046732794,      0.3211304804,       15.68990742
     0.02046741599,      0.3211293691,       15.68978562
     0.02046748307,      0.3211283323,       15.68968354
     0.02046753229,      0.3211273632,       15.68959846
     0.02046756648,      0.3211264557,       15.68952791
     0.02046758815,      0.3211256049,       15.68946974
     0.02046759945,      0.3211248081,       15.68942215
      0.0204676022,      0.3211240638,       15.68938367
     0.02046759798,      0.3211233721,       15.68935312
     0.02046758816,      0.3211227335,       15.68932944
     0.02046757396,      0.3211221486,       15.68931175
     0.02046755644,       0.321121617,        15.6892992
     0.02046753651,      0.3211211371,       15.68929103
     0.02046751493,      0.3211207063,       15.68928653
      0.0204674923,      0.3211203209,       15.68928504
     0.02046746909,      0.3211199764,       15.68928601
     0.02046744564,      0.3211196683,       15.68928893
     0.02046742221,      0.3211193921,       15.68929339
     0.02046739901,      0.3211191437,       15.68929904
     0.02046737618,      0.3211189198,        15.6893056
     0.02046735384,      0.3211187174,       15.68931284
     0.02046733209,      0.3211185344,       15.68932057
     0.02046731101,       0.321118369,       15.68932865
     0.02046729068,      0.3211182198,       15.68933695
     0.02046727114,      0.3211180855,       15.68934536
     0.02046725245,      0.3211179651,       15.68935381
     0.02046723466,      0.3211178577,        15.6893622
     0.02046721779,      0.3211177623,       15.68937046
     0.02046720186,      0.3211176779,       15.68937855
     0.02046718688,      0.3211176036,        15.6893864
     0.02046717284,      0.3211175385,       15.68939399
      0.0204671597,      0.3211174817,       15.68940128
     0.02046714745,      0.3211174323,       15.68940826
     0.02046713606,      0.3211173894,        15.6894149
     0.02046712547,      0.3211173522,        15.6894212
     0.02046711567,      0.3211173201,       15.68942714
     0.02046710661,      0.3211172924,       15.68943274
     0.02046709825,      0.3211172685,       15.68943798
     0.02046709054,      0.3211172479,       15.68944287
     0.02046708346,      0.3211172303,       15.68944744
     0.02046707696,      0.3211172152,       15.68945169
     0.02046707099,      0.3211172026,       15.68945565
     0.02046706552,       0.321117192,       15.68945933
     0.02046706051,      0.3211171835,       15.68946275
     0.02046705591,      0.3211171768,       15.68946595
      0.0204670517,      0.3211171717,       15.68946892
     0.02046704786,      0.3211171681,        15.6894717
     0.02046704434,       0.321117166,       15.68947429
     0.02046704113,      0.3211171651,       15.68947671
     0.02046703821,      0.3211171652,       15.68947895
     0.02046703555,      0.3211171663,       15.68948104
     0.02046703314,      0.3211171682,       15.68948299
     0.02046703095,      0.3211171708,       15.68948479
     0.02046702896,      0.3211171738,       15.68948646
     0.02046702717,      0.3211171773,       15.68948801
     0.02046702555,      0.3211171812,       15.68948944
     0.02046702409,      0.3211171852,       15.68949075
     0.02046702278,      0.3211171894,       15.68949196
     0.02046702162,      0.3211171936,       15.68949306
     0.02046702058,      0.3211171978,       15.68949406
     0.02046701967,       0.321117202,       15.68949496
     0.02046701888,      0.3211172061,       15.68949577
     0.02046701819,        0.32111721,       15.68949649
     0.02046701759,      0.3211172137,       15.68949713
     0.02046701708,      0.3211172173,       15.68949769
     0.02046701665,      0.3211172207,       15.68949819
     0.02046701628,      0.3211172239,       15.68949863
     0.02046701595,       0.321117227,       15.68949903
     0.02046701567,      0.3211172299,       15.68949939
     0.02046701543,      0.3211172328,       15.68949972
     0.02046701521,      0.3211172355,       15.68950002
     0.02046701501,      0.3211172382,        15.6895003
     0.02046701483,      0.3211172408,       15.68950057
     0.02046701467,      0.3211172433,       15.68950082
     0.02046701452,      0.3211172458,       15.68950105
     0.02046701438,      0.3211172482,       15.68950127
