VARIABLES = \
       "CD"       ,       "CL"       ,      "CEff"      
     0.07538503036,      0.5102950799,       6.769183185
     0.04460538954,       0.546920636,       12.26131285
     0.04290606975,      0.5434020345,       12.66492218
      0.0404903204,      0.5466079023,       13.49971788
     0.03958212699,      0.5485806154,       13.85930108
     0.03908033225,      0.5505051009,       14.08650002
     0.03902975207,      0.5530510038,       14.16998506
      0.0391385658,      0.5551301414,        14.1837119
     0.03932580875,        0.55672564,       14.15674992
     0.03957476751,      0.5583030778,       14.10755168
     0.03984740967,      0.5598527042,       14.04991463
      0.0401037475,      0.5611937707,       13.99354937
     0.04033287751,      0.5623361961,       13.94237731
     0.04054913414,      0.5634301157,       13.89499746
     0.04076510037,      0.5645611962,       13.84913053
     0.04098305941,      0.5657062887,       13.80341772
     0.04119754378,      0.5667919535,       13.75790645
     0.04140360753,      0.5677708921,       13.71307782
     0.04159799083,      0.5686369016,        13.6698165
     0.04178715647,      0.5694497529,         13.627387
     0.04195836609,      0.5701664167,       13.58886129
     0.04211733227,      0.5708388753,       13.55353828
     0.04226683622,      0.5714802746,       13.52077245
     0.04240727604,      0.5720900214,       13.49037417
     0.04253690847,      0.5726529481,       13.46249572
     0.04265776894,       0.573172495,       13.43653241
     0.04277573262,      0.5736777102,       13.41128895
     0.04288897451,      0.5741516433,       13.38692869
     0.04299337178,       0.574571254,        13.3641822
     0.04308755066,      0.5749314037,       13.34332992
      0.0431696088,      0.5752256146,       13.32478173
     0.04324259278,      0.5754752871,       13.30806619
     0.04330745578,       0.575686841,       13.29301919
     0.04336544818,      0.5758669966,       13.27939686
     0.04341952881,      0.5760340223,       13.26670367
     0.04347014284,      0.5761872582,        13.2547818
     0.04351831513,      0.5763330269,       13.24345911
     0.04356282149,      0.5764655279,       13.23297041
     0.04360334757,      0.5765823324,       13.22335014
     0.04364017775,      0.5766841794,       13.21452407
     0.04367434243,      0.5767770347,       13.20631296
     0.04370458496,      0.5768555617,       13.19897128
     0.04373211398,      0.5769255307,       13.19226258
     0.04375687206,       0.576986833,       13.18619924
     0.04377949464,      0.5770426913,       13.18066131
     0.04379991781,      0.5770931609,       13.17566767
      0.0438185014,         0.5771397,        13.1711419
     0.04383493148,      0.5771796157,       13.16711573
     0.04384918051,      0.5772112652,       13.16355878
     0.04386191752,      0.5772379571,       13.16034478
     0.04387342411,      0.5772612167,       13.15742339
     0.04388369595,      0.5772805801,       13.15478488
     0.04389291829,      0.5772973267,       13.15240246
     0.04390125848,      0.5773122296,       13.15024329
     0.04390880047,      0.5773254229,       13.14828501
     0.04391555879,      0.5773367358,       13.14651918
     0.04392155697,      0.5773459465,       13.14493352
     0.04392680354,      0.5773527074,       13.14351742
     0.04393136179,      0.5773572322,       13.14225666
     0.04393529963,      0.5773597579,       13.14113623
     0.04393867943,      0.5773605831,       13.14014419
     0.04394155877,       0.577360017,       13.13927027
     0.04394399404,      0.5773583193,       13.13850349
     0.04394603752,      0.5773557286,        13.1378336
      0.0439477349,      0.5773524296,       13.13725112
     0.04394912391,      0.5773485359,       13.13674732
     0.04395023685,      0.5773441181,       13.13631415
     0.04395110316,      0.5773392376,       13.13594418
     0.04395175183,      0.5773339737,       13.13563054
     0.04395221173,      0.5773284276,       13.13536691
     0.04395251105,      0.5773227129,       13.13514744
     0.04395267614,      0.5773169399,       13.13496676
     0.04395273094,      0.5773112053,       13.13481991
     0.04395269616,      0.5773055844,       13.13470242
     0.04395258942,      0.5773001331,       13.13461029
     0.04395242574,      0.5772948921,       13.13453996
     0.04395221749,      0.5772898885,       13.13448835
     0.04395197493,      0.5772851405,       13.13445281
     0.04395170674,      0.5772806597,         13.134431
     0.04395142025,      0.5772764517,       13.13442088
      0.0439511215,      0.5772725168,       13.13442063
     0.04395081533,      0.5772688491,       13.13442867
     0.04395050551,      0.5772654379,       13.13444365
     0.04395019485,      0.5772622681,       13.13446437
      0.0439498854,      0.5772593217,       13.13448981
     0.04394957869,      0.5772565802,       13.13451909
     0.04394927598,      0.5772540258,       13.13455143
     0.04394897843,      0.5772516432,       13.13458614
     0.04394868716,      0.5772494197,        13.1346226
      0.0439484033,      0.5772473456,       13.13466024
      0.0439481279,      0.5772454129,       13.13469858
      0.0439478619,      0.5772436153,       13.13473717
     0.04394760608,      0.5772419467,       13.13477566
     0.04394736101,      0.5772404013,       13.13481374
     0.04394712706,      0.5772389728,       13.13485116
     0.04394690444,      0.5772376551,       13.13488771
     0.04394669324,      0.5772364418,       13.13492323
     0.04394649341,      0.5772353268,       13.13495758
     0.04394630485,      0.5772343043,       13.13499067
      0.0439461274,      0.5772333687,       13.13502242
     0.04394596082,       0.577232515,       13.13505278
     0.04394580483,       0.577231738,       13.13508173
      0.0439456591,      0.5772310329,       13.13510924
     0.04394552326,      0.5772303949,       13.13513532
      0.0439453969,      0.5772298191,       13.13515999
     0.04394527957,      0.5772293006,       13.13518326
     0.04394517081,      0.5772288347,       13.13520517
     0.04394507016,      0.5772284166,       13.13522574
     0.04394497713,      0.5772280421,       13.13524502
     0.04394489126,      0.5772277069,       13.13526306
      0.0439448121,      0.5772274073,        13.1352799
     0.04394473922,      0.5772271399,        13.1352956
      0.0439446722,      0.5772269015,       13.13531021
     0.04394461064,      0.5772266893,       13.13532378
     0.04394455417,      0.5772265009,       13.13533637
     0.04394450244,      0.5772263338,       13.13534804
      0.0439444551,      0.5772261861,       13.13535882
     0.04394441185,      0.5772260559,       13.13536879
     0.04394437237,      0.5772259413,       13.13537798
     0.04394433639,      0.5772258408,       13.13538645
     0.04394430364,      0.5772257529,       13.13539424
     0.04394427386,      0.5772256762,        13.1354014
     0.04394424682,      0.5772256096,       13.13540796
     0.04394422231,      0.5772255519,       13.13541398
     0.04394420011,      0.5772255021,       13.13541948
     0.04394418004,      0.5772254592,        13.1354245
     0.04394416191,      0.5772254226,       13.13542909
     0.04394414556,      0.5772253914,       13.13543326
     0.04394413084,       0.577225365,       13.13543706
     0.04394411761,       0.577225343,       13.13544052
     0.04394410574,      0.5772253247,       13.13544365
     0.04394409511,      0.5772253098,       13.13544649
      0.0439440856,      0.5772252979,       13.13544906
     0.04394407712,      0.5772252885,       13.13545138
     0.04394406958,      0.5772252816,       13.13545348
     0.04394406289,      0.5772252766,       13.13545536
     0.04394405698,      0.5772252735,       13.13545706
     0.04394405177,      0.5772252719,       13.13545858
      0.0439440472,      0.5772252718,       13.13545994
     0.04394404321,      0.5772252728,       13.13546116
     0.04394403975,      0.5772252749,       13.13546224
     0.04394403676,      0.5772252779,        13.1354632
      0.0439440342,      0.5772252816,       13.13546405
     0.04394403203,       0.577225286,        13.1354648
      0.0439440302,       0.577225291,       13.13546546
     0.04394402867,      0.5772252963,       13.13546604
     0.04394402741,       0.577225302,       13.13546655
      0.0439440264,       0.577225308,       13.13546699
     0.04394402559,      0.5772253141,       13.13546737
     0.04394402496,      0.5772253203,        13.1354677
      0.0439440245,      0.5772253265,       13.13546798
     0.04394402416,      0.5772253327,       13.13546822
     0.04394402395,      0.5772253387,       13.13546842
     0.04394402383,      0.5772253446,       13.13546859
      0.0439440238,      0.5772253503,       13.13546873
     0.04394402383,      0.5772253558,       13.13546884
     0.04394402392,       0.577225361,       13.13546893
     0.04394402405,       0.577225366,       13.13546901
     0.04394402422,      0.5772253707,       13.13546906
     0.04394402442,      0.5772253751,       13.13546911
     0.04394402463,      0.5772253792,       13.13546913
     0.04394402487,      0.5772253831,       13.13546915
     0.04394402511,      0.5772253868,       13.13546916
     0.04394402536,      0.5772253901,       13.13546917
