VARIABLES = \
       "CD"       ,       "CL"       ,      "CEff"      
      0.1608051208,       0.550714244,       3.424730762
      0.1139448894,      0.6178225637,       5.422117367
      0.1099619813,      0.6322736905,       5.749929956
      0.1064104393,      0.6416735302,       6.030174616
      0.1051674435,      0.6479679987,       6.161298375
      0.1043442676,      0.6505954246,       6.235085451
      0.1040593173,      0.6523764481,        6.26927473
      0.1042415467,      0.6545367783,       6.279039392
      0.1046619486,      0.6567481515,       6.274946727
      0.1051977814,      0.6590747568,         6.2651013
      0.1058048704,      0.6616323211,       6.253325757
      0.1064575083,      0.6642475223,       6.239555417
      0.1071334254,      0.6666887094,       6.222975758
      0.1078305819,      0.6689499546,       6.203712737
      0.1085438181,      0.6711330296,       6.183060828
      0.1092178083,      0.6730737276,       6.162673819
      0.1098567809,      0.6748032744,       6.142572803
      0.1105012375,       0.676503307,       6.122133312
      0.1111273329,      0.6781771975,       6.102703805
      0.1117672066,      0.6799997295,       6.084071973
      0.1123651241,      0.6816856835,       6.066701646
      0.1129152879,      0.6831803997,       6.050380001
      0.1134265005,      0.6845193937,       6.034915919
      0.1139668242,      0.6859459699,       6.018821481
      0.1144461397,      0.6870668152,       6.003407516
      0.1148813497,      0.6879825212,       5.988635432
      0.1153100562,      0.6888777898,       5.974134542
      0.1157822557,       0.690008979,       5.959539955
      0.1162526176,      0.6911694233,       5.945409555
      0.1166643475,       0.692061192,       5.932070994
       0.117064433,       0.692941217,       5.919314681
       0.117460266,      0.6938206007,       5.906853647
       0.117832799,      0.6946340479,       5.895082302
      0.1181948633,      0.6954844206,       5.884218662
       0.118539907,      0.6963125016,       5.874076663
      0.1188662359,      0.6970927488,       5.864514375
      0.1191829989,      0.6978630578,       5.855390987
      0.1194719598,         0.6985444,       5.846931794
       0.119741703,      0.6991619269,       5.838917515
      0.1199945402,      0.6997134998,       5.831211143
      0.1202157712,      0.7001521072,       5.824128566
       0.120414487,      0.7005142719,       5.817524864
      0.1206002582,      0.7008577349,       5.811411562
      0.1207652718,      0.7011477913,       5.805872675
      0.1209142244,       0.701398929,       5.800797488
        0.12105187,      0.7016285381,       5.796098299
      0.1211785425,      0.7018290067,       5.791693744
      0.1212972191,      0.7020271557,       5.787660766
      0.1214170553,      0.7022534107,        5.78381191
      0.1215376855,      0.7024997839,       5.780098417
      0.1216539708,      0.7027390811,       5.776540431
      0.1217564671,      0.7029211329,       5.773172871
      0.1218457721,      0.7030515786,       5.770012093
       0.121926402,       0.703165921,       5.767134186
      0.1219996432,      0.7032712798,       5.764535545
      0.1220666487,      0.7033666829,       5.762152812
      0.1221251823,      0.7034375912,       5.759971677
      0.1221766272,      0.7034927588,       5.757997868
      0.1222212048,      0.7035304643,       5.756206261
      0.1222602954,      0.7035609408,       5.754615087
      0.1222931096,      0.7035804911,       5.753230854
      0.1223195781,      0.7035847468,       5.752020714
      0.1223405118,      0.7035750762,       5.750957435
      0.1223584042,      0.7035634761,       5.750021674
      0.1223736435,      0.7035506442,        5.74920076
      0.1223865606,      0.7035372914,       5.748484867
      0.1223976105,      0.7035246207,       5.747862377
      0.1224069462,      0.7035121815,       5.747322381
      0.1224146745,      0.7034995127,       5.746856048
      0.1224208944,      0.7034861889,       5.746455229
      0.1224256779,      0.7034717022,       5.746112369
      0.1224292161,      0.7034565026,       5.745822155
      0.1224317124,      0.7034412478,       5.745580404
      0.1224332973,      0.7034261139,       5.745382421
      0.1224340591,      0.7034110466,       5.745223605
      0.1224340812,      0.7033960399,       5.745100001
      0.1224334248,      0.7033809877,       5.745007861
      0.1224321571,      0.7033657845,       5.744943169
      0.1224303525,      0.7033503878,       5.744902091
        0.12242809,      0.7033348447,         5.7448813
      0.1224254495,      0.7033192963,       5.744878204
       0.122422507,      0.7033039077,       5.744890584
      0.1224193308,       0.703288818,       5.744916375
      0.1224159785,      0.7032741168,       5.744953603
      0.1224124984,      0.7032598579,       5.745000448
      0.1224089319,      0.7032460678,       5.745055176
      0.1224053146,      0.7032327613,       5.745116246
      0.1224016782,      0.7032199496,       5.745182255
      0.1223980505,      0.7032076454,       5.745252008
      0.1223944558,      0.7031958609,       5.745324464
      0.1223909174,      0.7031846208,       5.745398723
      0.1223874621,      0.7031740123,       5.745474252
      0.1223840982,      0.7031639846,       5.745550241
      0.1223808133,      0.7031543322,       5.745625584
      0.1223776225,      0.7031450871,       5.745699849
       0.122374553,      0.7031364052,       5.745773024
      0.1223716098,      0.7031282993,       5.745844975
      0.1223687952,      0.7031207261,       5.745915249
      0.1223661114,      0.7031136524,       5.745983461
      0.1223635566,      0.7031070338,       5.746049342
       0.122361128,      0.7031008328,       5.746112708
      0.1223588249,      0.7030950349,       5.746173484
      0.1223566461,      0.7030896367,       5.746231684
      0.1223545908,      0.7030846336,       5.746287321
       0.122352657,      0.7030800146,        5.74634039
      0.1223508418,      0.7030757654,        5.74639091
      0.1223491419,      0.7030718699,       5.746438911
      0.1223475528,      0.7030683061,       5.746484421
      0.1223460668,      0.7030650323,       5.746527458
      0.1223446793,       0.703062032,       5.746568107
      0.1223433854,      0.7030592865,        5.74660644
      0.1223421809,      0.7030567782,       5.746642518
      0.1223410619,      0.7030544971,       5.746676434
      0.1223400244,      0.7030524314,        5.74670828
      0.1223390645,       0.703050566,       5.746738123
      0.1223381778,       0.703048885,       5.746766036
      0.1223373602,      0.7030473745,       5.746792094
      0.1223366079,      0.7030460211,       5.746816373
       0.122335917,      0.7030448133,       5.746838952
      0.1223352841,      0.7030437398,       5.746859912
      0.1223347054,      0.7030427898,       5.746879328
      0.1223341777,      0.7030419523,       5.746897273
      0.1223336975,      0.7030412166,       5.746913817
      0.1223332616,      0.7030405724,       5.746929028
       0.122332867,      0.7030400104,       5.746942975
      0.1223325105,      0.7030395218,       5.746955725
      0.1223321896,      0.7030390988,       5.746967343
      0.1223319017,      0.7030387344,       5.746977889
      0.1223316443,      0.7030384226,       5.746987434
      0.1223314149,      0.7030381572,        5.74699604
      0.1223312115,      0.7030379328,       5.747003762
       0.122331032,      0.7030377444,       5.747010658
      0.1223308743,      0.7030375874,       5.747016783
      0.1223307366,      0.7030374577,        5.74702219
      0.1223306172,       0.703037352,       5.747026934
      0.1223305145,      0.7030372668,       5.747031063
      0.1223304268,      0.7030371986,       5.747034628
      0.1223303527,      0.7030371457,       5.747037676
       0.122330291,      0.7030371063,       5.747040251
      0.1223302405,       0.703037079,         5.7470424
         0.1223302,      0.7030370623,       5.747044166
      0.1223301685,      0.7030370552,       5.747045589
       0.122330145,      0.7030370566,       5.747046706
      0.1223301285,      0.7030370654,       5.747047551
      0.1223301182,      0.7030370807,       5.747048158
      0.1223301134,      0.7030371017,       5.747048558
      0.1223301132,      0.7030371278,       5.747048779
       0.122330117,      0.7030371582,       5.747048849
      0.1223301242,      0.7030371923,       5.747048791
      0.1223301342,      0.7030372297,       5.747048627
      0.1223301465,      0.7030372697,       5.747048376
      0.1223301606,       0.703037312,       5.747048056
      0.1223301763,      0.7030373561,       5.747047683
       0.122330193,      0.7030374018,       5.747047269
      0.1223302106,      0.7030374487,       5.747046827
      0.1223302287,      0.7030374965,       5.747046368
      0.1223302471,      0.7030375448,         5.7470459
      0.1223302655,      0.7030375935,       5.747045429
      0.1223302839,       0.703037642,       5.747044962
      0.1223303021,      0.7030376902,       5.747044501
        0.12233032,      0.7030377378,       5.747044051
      0.1223303374,      0.7030377845,       5.747043614
      0.1223303544,      0.7030378301,       5.747043191
      0.1223303707,      0.7030378743,       5.747042783
      0.1223303865,       0.703037917,       5.747042392
      0.1223304016,      0.7030379579,       5.747042015
      0.1223304161,       0.703037997,       5.747041654
      0.1223304299,      0.7030380339,       5.747041308
       0.122330443,      0.7030380687,       5.747040975
      0.1223304555,      0.7030381011,       5.747040654
      0.1223304673,      0.7030381313,       5.747040345
      0.1223304785,      0.7030381591,       5.747040047
      0.1223304891,      0.7030381845,       5.747039758
      0.1223304991,      0.7030382076,       5.747039477
      0.1223305085,      0.7030382285,       5.747039205
      0.1223305174,      0.7030382472,        5.74703894
      0.1223305258,      0.7030382638,       5.747038682
      0.1223305337,      0.7030382785,        5.74703843
      0.1223305412,      0.7030382914,       5.747038185
      0.1223305482,      0.7030383026,       5.747037946
      0.1223305548,      0.7030383122,       5.747037714
      0.1223305611,      0.7030383206,       5.747037488
       0.122330567,      0.7030383276,        5.74703727
      0.1223305725,      0.7030383337,       5.747037059
      0.1223305777,      0.7030383388,       5.747036856
      0.1223305826,       0.703038343,       5.747036662
      0.1223305872,      0.7030383467,       5.747036477
      0.1223305914,      0.7030383498,       5.747036301
      0.1223305954,      0.7030383525,       5.747036136
      0.1223305991,      0.7030383549,       5.747035981
      0.1223306026,      0.7030383571,       5.747035837
      0.1223306058,      0.7030383592,       5.747035704
      0.1223306087,      0.7030383612,       5.747035583
      0.1223306114,      0.7030383633,       5.747035473
      0.1223306139,      0.7030383655,       5.747035373
      0.1223306162,      0.7030383677,       5.747035285
      0.1223306182,      0.7030383701,       5.747035208
      0.1223306201,      0.7030383725,       5.747035141
      0.1223306218,      0.7030383751,       5.747035084
      0.1223306232,      0.7030383778,       5.747035037
      0.1223306245,      0.7030383806,       5.747034998
      0.1223306257,      0.7030383835,       5.747034968
      0.1223306267,      0.7030383863,       5.747034945
      0.1223306275,      0.7030383892,       5.747034929
      0.1223306282,       0.703038392,       5.747034919
      0.1223306288,      0.7030383948,       5.747034914
      0.1223306293,      0.7030383975,       5.747034914
      0.1223306297,      0.7030384001,       5.747034917
      0.1223306299,      0.7030384026,       5.747034924
      0.1223306301,      0.7030384048,       5.747034933
      0.1223306303,      0.7030384068,       5.747034943
      0.1223306303,      0.7030384086,       5.747034955
      0.1223306304,      0.7030384102,       5.747034967
      0.1223306303,      0.7030384115,       5.747034979
      0.1223306303,      0.7030384126,       5.747034991
      0.1223306302,      0.7030384134,       5.747035002
      0.1223306301,       0.703038414,       5.747035012
      0.1223306299,      0.7030384143,       5.747035021
      0.1223306298,      0.7030384144,       5.747035028
      0.1223306296,      0.7030384143,       5.747035034
      0.1223306295,       0.703038414,       5.747035038
      0.1223306294,      0.7030384135,       5.747035041
      0.1223306292,      0.7030384129,       5.747035043
      0.1223306291,      0.7030384121,       5.747035043
      0.1223306289,      0.7030384112,       5.747035041
      0.1223306288,      0.7030384102,       5.747035039
      0.1223306287,      0.7030384092,       5.747035035
      0.1223306286,      0.7030384081,       5.747035031
      0.1223306285,      0.7030384069,       5.747035026
      0.1223306284,      0.7030384058,       5.747035021
      0.1223306284,      0.7030384047,       5.747035016
      0.1223306283,      0.7030384037,        5.74703501
      0.1223306282,      0.7030384027,       5.747035005
      0.1223306282,      0.7030384018,          5.747035
      0.1223306281,      0.7030384009,       5.747034996
      0.1223306281,      0.7030384002,       5.747034992
       0.122330628,      0.7030383995,       5.747034988
       0.122330628,      0.7030383989,       5.747034985
       0.122330628,      0.7030383985,       5.747034983
      0.1223306279,      0.7030383981,       5.747034982
      0.1223306279,      0.7030383978,       5.747034982
      0.1223306278,      0.7030383976,       5.747034982
      0.1223306278,      0.7030383975,       5.747034983
      0.1223306277,      0.7030383974,       5.747034985
      0.1223306277,      0.7030383974,       5.747034988
