VARIABLES = \
       "CD"       ,       "CL"       ,      "CEff"      
     0.05568551068,      0.1553503809,       2.789781022
     0.02025989298,      0.1601412738,       7.904349444
     0.01750955518,      0.1587587816,       9.066979713
     0.01472246138,      0.1588469664,       10.78942999
     0.01387109492,      0.1585013919,       11.42673977
     0.01339927695,      0.1583476245,       11.81762457
     0.01318471877,      0.1585795343,       12.02752497
     0.01310209636,      0.1589621993,       12.13257748
     0.01309995599,      0.1593771522,        12.1662357
     0.01313032828,      0.1598544009,       12.17444054
     0.01317589566,       0.160417585,        12.1750801
     0.01323128171,       0.161031942,       12.17054746
     0.01329042164,      0.1616391414,       12.16207776
     0.01334770913,      0.1621907318,       12.15120364
     0.01339795441,      0.1626456598,       12.13958899
      0.0134406699,      0.1630071013,       12.12790006
     0.01347820847,      0.1633031748,       12.11608911
     0.01351385485,      0.1635683651,       12.10375329
     0.01354960947,      0.1638244826,       12.09071619
     0.01358591973,      0.1640806226,       12.07725541
     0.01362225384,      0.1643381431,       12.06394661
     0.01365759672,      0.1645917997,       12.05130032
     0.01369114279,      0.1648347905,       12.03952022
     0.01372167709,      0.1650604612,       12.02917545
     0.01374914644,      0.1652650068,       12.02001939
     0.01377412284,      0.1654473624,       12.01146268
     0.01379712548,      0.1656078369,       12.00306812
     0.01381807342,       0.165748903,        11.9950805
     0.01383680582,      0.1658719243,       11.98773232
     0.01385354399,      0.1659796484,       11.98102438
     0.01386863289,      0.1660767443,        11.9749903
     0.01388252447,      0.1661668484,       11.96949797
     0.01389525498,      0.1662509646,       11.96458538
      0.0139069317,      0.1663291803,       11.96016375
     0.01391764521,       0.166400996,       11.95611711
     0.01392747471,      0.1664660181,       11.95234754
     0.01393642935,        0.16652395,       11.94882461
     0.01394449953,      0.1665747685,       11.94555374
     0.01395173624,      0.1666186378,       11.94250199
     0.01395817394,      0.1666558071,       11.93965684
     0.01396385946,      0.1666868526,       11.93701878
     0.01396888719,        0.16671244,        11.9345541
     0.01397335238,      0.1667332716,       11.93223123
     0.01397733802,       0.166749997,       11.93002536
     0.01398091089,      0.1667631715,       11.92791891
     0.01398411928,       0.166773311,       11.92590736
     0.01398700568,      0.1667808788,       11.92398735
     0.01398959223,      0.1667863198,       11.92217164
     0.01399187977,      0.1667899719,        11.9204835
     0.01399388635,      0.1667921104,       11.91892704
     0.01399563448,      0.1667930252,       11.91750366
     0.01399714559,      0.1667929536,       11.91621196
     0.01399844085,      0.1667921236,       11.91505006
      0.0139995439,      0.1667907287,       11.91401162
     0.01400047897,      0.1667889072,        11.9130858
     0.01400127032,       0.166786782,       11.91226068
     0.01400193952,       0.166784456,       11.91152524
     0.01400250397,      0.1667820014,       11.91086978
     0.01400297838,      0.1667794605,        11.9102848
      0.0140033748,      0.1667768595,       11.90976189
     0.01400370285,      0.1667742358,       11.90929553
     0.01400397088,       0.166771617,       11.90888059
     0.01400418628,      0.1667690231,       11.90851219
      0.0140043556,       0.166766476,       11.90818633
     0.01400448641,      0.1667639844,       11.90789719
     0.01400458571,      0.1667615603,       11.90763966
     0.01400465929,      0.1667592283,       11.90741059
     0.01400471351,      0.1667569862,       11.90720439
     0.01400475381,      0.1667548316,       11.90701627
     0.01400478439,      0.1667527682,       11.90684294
     0.01400480891,         0.1667508,       11.90668156
     0.01400482981,      0.1667489303,       11.90653029
     0.01400484811,      0.1667471579,       11.90638817
     0.01400486478,      0.1667454815,        11.9062543
     0.01400487997,      0.1667439027,       11.90612866
     0.01400489394,       0.166742419,       11.90601084
     0.01400490701,      0.1667410238,        11.9059001
     0.01400491949,      0.1667397168,       11.90579617
       0.014004931,      0.1667385023,       11.90569966
     0.01400494175,      0.1667373789,       11.90561031
     0.01400495197,      0.1667363454,       11.90552782
     0.01400496216,      0.1667354009,       11.90545173
     0.01400497259,      0.1667345419,       11.90538152
     0.01400498325,      0.1667337661,       11.90531706
     0.01400499408,      0.1667330686,       11.90525806
     0.01400500499,      0.1667324434,       11.90520414
     0.01400501565,      0.1667318847,       11.90515519
     0.01400502574,       0.166731386,         11.905111
     0.01400503481,      0.1667309411,       11.90507153
     0.01400504246,      0.1667305447,       11.90503672
     0.01400504826,       0.166730191,       11.90500653
     0.01400505183,      0.1667298752,       11.90498095
     0.01400505286,      0.1667295932,       11.90495994
     0.01400505125,      0.1667293408,       11.90494328
     0.01400504702,      0.1667291136,       11.90493066
     0.01400504019,      0.1667289092,       11.90492186
     0.01400503091,      0.1667287244,       11.90491656
     0.01400501943,       0.166728556,       11.90491429
     0.01400500602,      0.1667284014,       11.90491465
     0.01400499098,      0.1667282581,       11.90491721
     0.01400497462,      0.1667281241,       11.90492155
     0.01400495721,      0.1667279974,        11.9049273
     0.01400493902,      0.1667278764,       11.90493412
     0.01400492029,      0.1667277594,       11.90494169
     0.01400490123,      0.1667276452,       11.90494973
       0.014004882,      0.1667275327,       11.90495805
     0.01400486277,      0.1667274216,       11.90496647
     0.01400484365,      0.1667273115,       11.90497486
     0.01400482479,      0.1667272023,       11.90498309
      0.0140048063,       0.166727094,       11.90499108
     0.01400478829,      0.1667269871,       11.90499875
     0.01400477086,      0.1667268818,       11.90500605
     0.01400475409,      0.1667267787,       11.90501295
     0.01400473806,      0.1667266783,        11.9050194
     0.01400472284,       0.166726581,       11.90502538
     0.01400470849,      0.1667264873,        11.9050309
     0.01400469505,      0.1667263977,       11.90503592
     0.01400468255,      0.1667263123,       11.90504046
     0.01400467099,      0.1667262316,       11.90504453
     0.01400466037,      0.1667261558,       11.90504813
     0.01400465071,       0.166726085,       11.90505129
     0.01400464197,      0.1667260193,       11.90505403
     0.01400463413,      0.1667259587,       11.90505637
     0.01400462715,      0.1667259032,       11.90505834
     0.01400462101,      0.1667258528,       11.90505995
     0.01400461566,      0.1667258072,       11.90506124
     0.01400461105,      0.1667257663,       11.90506224
     0.01400460714,        0.16672573,       11.90506297
     0.01400460388,      0.1667256979,       11.90506346
     0.01400460121,        0.16672567,       11.90506373
     0.01400459909,      0.1667256459,       11.90506381
     0.01400459747,      0.1667256253,       11.90506372
      0.0140045963,       0.166725608,       11.90506348
     0.01400459553,      0.1667255937,       11.90506312
     0.01400459512,      0.1667255822,       11.90506264
     0.01400459503,       0.166725573,       11.90506207
      0.0140045952,      0.1667255661,       11.90506142
     0.01400459561,       0.166725561,       11.90506071
     0.01400459622,      0.1667255576,       11.90505995
     0.01400459699,      0.1667255556,       11.90505915
     0.01400459789,      0.1667255548,       11.90505833
     0.01400459889,      0.1667255549,       11.90505749
     0.01400459997,      0.1667255558,       11.90505664
     0.01400460108,      0.1667255573,        11.9050558
     0.01400460222,      0.1667255592,       11.90505496
     0.01400460336,      0.1667255613,       11.90505415
     0.01400460448,      0.1667255635,       11.90505336
     0.01400460556,      0.1667255658,        11.9050526
     0.01400460658,       0.166725568,       11.90505189
     0.01400460754,        0.16672557,       11.90505122
     0.01400460842,      0.1667255718,        11.9050506
     0.01400460922,      0.1667255734,       11.90505004
     0.01400460992,      0.1667255748,       11.90504953
     0.01400461053,      0.1667255758,       11.90504909
     0.01400461105,      0.1667255766,       11.90504871
     0.01400461146,      0.1667255771,       11.90504839
     0.01400461178,      0.1667255772,       11.90504813
       0.014004612,      0.1667255771,       11.90504793
     0.01400461212,      0.1667255766,       11.90504779
     0.01400461216,      0.1667255759,       11.90504771
     0.01400461211,       0.166725575,       11.90504768
     0.01400461199,      0.1667255738,        11.9050477
     0.01400461179,      0.1667255724,       11.90504778
     0.01400461152,      0.1667255709,       11.90504789
     0.01400461119,      0.1667255692,       11.90504805
     0.01400461081,      0.1667255674,       11.90504824
     0.01400461039,      0.1667255655,       11.90504847
     0.01400460993,      0.1667255635,       11.90504872
     0.01400460943,      0.1667255615,         11.905049
     0.01400460892,      0.1667255595,       11.90504929
     0.01400460838,      0.1667255575,        11.9050496
     0.01400460784,      0.1667255555,       11.90504993
     0.01400460729,      0.1667255536,       11.90505026
     0.01400460674,      0.1667255517,       11.90505059
      0.0140046062,        0.16672555,       11.90505093
     0.01400460567,      0.1667255484,       11.90505126
     0.01400460515,      0.1667255468,       11.90505159
     0.01400460466,      0.1667255454,       11.90505191
     0.01400460419,      0.1667255442,       11.90505221
     0.01400460375,       0.166725543,       11.90505251
     0.01400460334,       0.166725542,       11.90505278
     0.01400460296,      0.1667255411,       11.90505304
     0.01400460261,      0.1667255403,       11.90505329
     0.01400460229,      0.1667255397,       11.90505351
     0.01400460201,      0.1667255391,       11.90505371
     0.01400460177,      0.1667255387,       11.90505389
     0.01400460156,      0.1667255384,       11.90505405
     0.01400460138,      0.1667255382,       11.90505418
     0.01400460124,      0.1667255382,        11.9050543
     0.01400460113,      0.1667255382,       11.90505439
     0.01400460105,      0.1667255382,       11.90505446
       0.014004601,      0.1667255384,       11.90505452
     0.01400460098,      0.1667255386,       11.90505455
     0.01400460098,      0.1667255389,       11.90505457
     0.01400460101,      0.1667255393,       11.90505457
     0.01400460106,      0.1667255397,       11.90505456
     0.01400460113,      0.1667255401,       11.90505453
     0.01400460121,      0.1667255405,       11.90505449
     0.01400460131,       0.166725541,       11.90505444
     0.01400460142,      0.1667255415,       11.90505438
     0.01400460155,       0.166725542,       11.90505431
     0.01400460168,      0.1667255425,       11.90505423
     0.01400460182,      0.1667255429,       11.90505415
     0.01400460196,      0.1667255434,       11.90505406
     0.01400460211,      0.1667255439,       11.90505397
     0.01400460226,      0.1667255443,       11.90505387
      0.0140046024,      0.1667255447,       11.90505378
     0.01400460255,      0.1667255451,       11.90505368
     0.01400460269,      0.1667255455,       11.90505359
     0.01400460283,      0.1667255458,        11.9050535
     0.01400460296,      0.1667255462,       11.90505341
     0.01400460308,      0.1667255464,       11.90505332
      0.0140046032,      0.1667255467,       11.90505324
     0.01400460331,      0.1667255469,       11.90505316
     0.01400460341,      0.1667255471,       11.90505309
     0.01400460351,      0.1667255473,       11.90505302
     0.01400460359,      0.1667255474,       11.90505296
     0.01400460367,      0.1667255475,        11.9050529
     0.01400460374,      0.1667255476,       11.90505285
      0.0140046038,      0.1667255477,        11.9050528
