VARIABLES = \
       "CD"       ,       "CL"       ,      "CEff"      
     0.02492369676,      0.1550300538,       6.220186968
    0.005288928365,      0.1508504442,       28.52192993
    0.006059151896,      0.1492361373,       24.62987228
     0.00495721829,      0.1487968175,       30.01619231
    0.004512274728,      0.1482265238,       32.84962301
    0.004255459315,      0.1481072091,       34.80404774
    0.004202323545,      0.1485634469,       35.35269127
    0.004186810508,      0.1491869286,       35.63259631
     0.00417602584,      0.1498043299,        35.8724624
    0.004167912645,      0.1503854664,       36.08172224
    0.004166350259,      0.1509026277,       36.21938108
      0.0041712183,      0.1513338722,        36.2804968
    0.004179482945,      0.1516761885,       36.29065856
    0.004188184326,      0.1519424338,       36.27883159
    0.004195864347,       0.152153304,       36.26268427
    0.004202243899,      0.1523255837,       36.24862987
     0.00420754797,      0.1524681491,       36.23681779
    0.004212065326,      0.1525858395,       36.22589578
    0.004216090763,      0.1526831881,       36.21439782
    0.004219828724,      0.1527645593,       36.20160183
    0.004223345674,      0.1528330991,       36.18768411
    0.004226609059,      0.1528906169,       36.17335191
    0.004229558324,      0.1529381661,       36.15937041
    0.004232165015,      0.1529765114,       36.14615943
    0.004234435848,      0.1530063613,       36.13382438
    0.004236410446,      0.1530285655,       36.12222362
    0.004238135762,      0.1530442263,       36.11121374
    0.004239665445,      0.1530546292,       36.10063841
    0.004241045369,      0.1530610401,       36.09040384
     0.00424230862,      0.1530644964,       36.08047177
    0.004243473891,      0.1530657249,       36.07085346
    0.004244550137,      0.1530651781,       36.06157854
    0.004245541005,      0.1530631299,       36.05267969
    0.004246447708,      0.1530597709,       36.04419068
    0.004247271739,      0.1530552723,       36.03613841
    0.004248015455,      0.1530497811,       36.02853678
    0.004248682247,      0.1530434207,        36.0213854
    0.004249275922,       0.153036308,       36.01467892
    0.004249800423,      0.1530285481,       36.00840812
    0.004250260521,      0.1530202444,       36.00255646
    0.004250661153,      0.1530114918,       35.99710405
    0.004251007177,      0.1530023779,       35.99203002
    0.004251303072,      0.1529929807,       35.98731451
    0.004251552953,      0.1529833714,       35.98293919
    0.004251760879,      0.1529736178,       35.97888548
    0.004251930851,      0.1529637918,       35.97513628
    0.004252066861,      0.1529539631,       35.97167403
    0.004252172969,      0.1529442054,       35.96848165
    0.004252253152,      0.1529345942,       35.96554316
    0.004252311174,      0.1529251937,       35.96284173
    0.004252350493,       0.152916055,        35.9603601
    0.004252373917,      0.1529072195,       35.95808425
     0.00425238402,      0.1528987169,       35.95599932
    0.004252382991,      0.1528905718,        35.9540926
     0.00425237275,      0.1528827999,       35.95235152
    0.004252354769,      0.1528754077,       35.95076517
    0.004252330293,      0.1528683939,        35.9493227
    0.004252300166,      0.1528617507,       35.94801513
    0.004252265095,      0.1528554671,       35.94683391
    0.004252225476,      0.1528495256,       35.94577156
    0.004252181702,      0.1528439099,       35.94482095
    0.004252134133,      0.1528386026,       35.94397492
    0.004252083095,      0.1528335893,       35.94322733
    0.004252029036,      0.1528288526,       35.94257031
    0.004251972417,      0.1528243769,       35.94199631
    0.004251913717,      0.1528201481,       35.94149794
    0.004251853454,      0.1528161543,       35.94106803
    0.004251792171,      0.1528123829,       35.94069906
     0.00425173031,      0.1528088226,       35.94038462
    0.004251668315,      0.1528054625,       35.94011837
    0.004251606733,      0.1528022928,       35.93989342
    0.004251545982,       0.152799303,       35.93970374
    0.004251486415,      0.1527964821,       35.93954377
    0.004251428368,      0.1527938206,       35.93940845
    0.004251372144,      0.1527913088,       35.93929291
    0.004251318045,      0.1527889368,       35.93919231
    0.004251266237,      0.1527866941,       35.93910276
    0.004251216723,      0.1527845707,       35.93902185
    0.004251169562,      0.1527825585,       35.93894723
    0.004251124794,      0.1527806491,       35.93887653
    0.004251082402,      0.1527788351,       35.93880819
    0.004251042366,      0.1527771099,       35.93874084
     0.00425100461,      0.1527754682,       35.93867384
    0.004250969052,       0.152773906,       35.93860697
    0.004250935551,      0.1527724188,       35.93854034
    0.004250903967,      0.1527710023,       35.93847415
    0.004250874193,      0.1527696538,       35.93840864
    0.004250846106,      0.1527683708,       35.93834426
    0.004250819565,      0.1527671508,       35.93828166
    0.004250794447,      0.1527659916,       35.93822132
    0.004250770656,      0.1527648911,       35.93816355
    0.004250748111,      0.1527638469,       35.93810851
    0.004250726722,      0.1527628574,       35.93805656
    0.004250706396,      0.1527619203,       35.93800797
    0.004250687081,      0.1527610342,       35.93796279
    0.004250668716,      0.1527601974,       35.93792121
    0.004250651276,      0.1527594085,       35.93788308
    0.004250634682,      0.1527586658,       35.93784865
    0.004250618895,      0.1527579675,       35.93781783
    0.004250603893,      0.1527573118,        35.9377904
    0.004250589643,       0.152756697,       35.93776625
    0.004250576107,      0.1527561214,       35.93774527
    0.004250563259,      0.1527555831,       35.93772727
    0.004250551078,      0.1527550805,       35.93771201
    0.004250539538,      0.1527546118,        35.9376993
    0.004250528608,       0.152754175,       35.93768897
    0.004250518244,      0.1527537686,       35.93768097
     0.00425050841,      0.1527533907,        35.9376752
    0.004250499081,      0.1527530397,       35.93767151
    0.004250490233,      0.1527527141,       35.93766971
    0.004250481839,       0.152752412,       35.93766961
    0.004250473875,       0.152752132,       35.93767108
    0.004250466319,      0.1527518726,       35.93767393
    0.004250459154,      0.1527516325,       35.93767801
    0.004250452368,      0.1527514104,       35.93768315
    0.004250445944,      0.1527512052,       35.93768919
    0.004250439849,      0.1527510155,       35.93769609
    0.004250434066,      0.1527508399,       35.93770367
    0.004250428572,      0.1527506772,       35.93771183
    0.004250423353,       0.152750526,       35.93772038
    0.004250418396,      0.1527503853,       35.93772919
     0.00425041369,      0.1527502539,       35.93773808
    0.004250409224,      0.1527501311,       35.93774693
    0.004250404989,      0.1527500159,       35.93775564
    0.004250400975,      0.1527499076,        35.9377641
    0.004250397179,      0.1527498056,        35.9377722
    0.004250393594,      0.1527497093,       35.93777987
    0.004250390214,      0.1527496183,       35.93778704
    0.004250387032,      0.1527495321,       35.93779364
    0.004250384046,      0.1527494502,       35.93779963
    0.004250381248,      0.1527493724,       35.93780498
    0.004250378634,      0.1527492984,       35.93780968
    0.004250376195,      0.1527492281,       35.93781374
    0.004250373925,      0.1527491611,       35.93781718
    0.004250371818,      0.1527490973,          35.93782
    0.004250369868,      0.1527490368,       35.93782223
     0.00425036807,      0.1527489793,       35.93782391
    0.004250366417,      0.1527489249,       35.93782508
    0.004250364902,      0.1527488734,       35.93782579
    0.004250363517,       0.152748825,        35.9378261
    0.004250362256,      0.1527487795,       35.93782606
    0.004250361111,      0.1527487369,       35.93782573
    0.004250360075,      0.1527486972,       35.93782516
     0.00425035914,      0.1527486604,       35.93782441
    0.004250358297,      0.1527486264,       35.93782353
    0.004250357541,      0.1527485951,       35.93782257
    0.004250356862,      0.1527485665,       35.93782157
    0.004250356254,      0.1527485404,       35.93782057
    0.004250355711,      0.1527485168,        35.9378196
    0.004250355226,      0.1527484955,        35.9378187
    0.004250354793,      0.1527484765,       35.93781788
    0.004250354406,      0.1527484596,       35.93781717
     0.00425035406,      0.1527484446,       35.93781659
    0.004250353748,      0.1527484315,       35.93781613
    0.004250353468,      0.1527484201,       35.93781581
    0.004250353216,      0.1527484102,       35.93781563
    0.004250352986,      0.1527484017,       35.93781557
    0.004250352777,      0.1527483945,       35.93781564
    0.004250352585,      0.1527483884,       35.93781582
    0.004250352407,      0.1527483833,       35.93781612
    0.004250352242,       0.152748379,       35.93781651
    0.004250352087,      0.1527483755,         35.937817
    0.004250351941,      0.1527483726,       35.93781755
    0.004250351802,      0.1527483702,       35.93781817
    0.004250351671,      0.1527483684,       35.93781885
    0.004250351545,      0.1527483669,       35.93781956
    0.004250351423,      0.1527483656,       35.93782029
    0.004250351307,      0.1527483646,       35.93782104
    0.004250351194,      0.1527483638,        35.9378218
    0.004250351086,      0.1527483631,       35.93782255
    0.004250350982,      0.1527483625,       35.93782329
    0.004250350881,      0.1527483619,       35.93782401
    0.004250350784,      0.1527483614,        35.9378247
    0.004250350691,      0.1527483609,       35.93782537
    0.004250350601,      0.1527483603,       35.93782599
    0.004250350515,      0.1527483597,       35.93782658
    0.004250350432,      0.1527483591,       35.93782713
    0.004250350354,      0.1527483584,       35.93782764
    0.004250350279,      0.1527483577,       35.93782811
    0.004250350207,       0.152748357,       35.93782853
     0.00425035014,      0.1527483562,       35.93782892
    0.004250350076,      0.1527483553,       35.93782926
    0.004250350016,      0.1527483545,       35.93782957
     0.00425034996,      0.1527483536,       35.93782984
    0.004250349907,      0.1527483527,       35.93783008
    0.004250349857,      0.1527483518,       35.93783028
    0.004250349811,      0.1527483509,       35.93783046
    0.004250349768,        0.15274835,       35.93783061
    0.004250349728,      0.1527483491,       35.93783073
     0.00425034969,      0.1527483482,       35.93783084
    0.004250349656,      0.1527483473,       35.93783093
    0.004250349624,      0.1527483465,         35.937831
    0.004250349595,      0.1527483457,       35.93783105
    0.004250349568,      0.1527483449,        35.9378311
    0.004250349543,      0.1527483441,       35.93783113
     0.00425034952,      0.1527483434,       35.93783116
    0.004250349499,      0.1527483427,       35.93783118
     0.00425034948,      0.1527483421,       35.93783119
    0.004250349462,      0.1527483415,        35.9378312
    0.004250349446,       0.152748341,       35.93783121
    0.004250349431,      0.1527483404,       35.93783121
    0.004250349417,        0.15274834,       35.93783121
    0.004250349405,      0.1527483395,       35.93783122
    0.004250349394,      0.1527483391,       35.93783122
    0.004250349383,      0.1527483387,       35.93783122
    0.004250349374,      0.1527483384,       35.93783122
    0.004250349365,      0.1527483381,       35.93783122
