VARIABLES = \
       "CD"       ,       "CL"       ,      "CEff"      
      0.1411502177,      0.4790552713,       3.393939301
      0.1117712615,      0.4944793716,       4.424029622
      0.1074420623,      0.4923335053,       4.582316223
      0.1050165832,      0.4960172612,       4.723227952
      0.1043320413,      0.5015681896,       4.807422374
      0.1042845306,      0.5075859427,       4.867317709
      0.1045905587,      0.5138391892,       4.912863988
      0.1051203553,      0.5199336705,       4.946079842
      0.1057443549,      0.5255397005,       4.969907857
      0.1063863099,      0.5306154088,       4.987628663
      0.1070230749,       0.535142805,       5.000256303
      0.1076265323,      0.5391092208,       5.009073594
       0.108210061,      0.5427097518,       5.015335423
      0.1087708046,      0.5460186418,       5.019900732
      0.1092915999,      0.5489727967,       5.023009976
       0.109754615,      0.5514454021,       5.024348198
      0.1101861013,      0.5535392411,       5.023675714
      0.1106016206,      0.5554229091,        5.02183337
      0.1110184808,      0.5572681887,       5.019598402
      0.1113923129,      0.5588494506,       5.016948084
      0.1117675055,       0.560374801,       5.013754209
      0.1121136559,      0.5617529053,       5.010566294
      0.1124476581,      0.5630714425,       5.007409245
       0.112754007,       0.564227408,       5.004056379
      0.1130286201,      0.5652175128,       5.000658349
      0.1132852962,      0.5661245751,       4.997334993
      0.1135264876,      0.5669428135,       4.993925432
      0.1137552939,      0.5677191648,       4.990705445
      0.1139647699,      0.5684240709,       4.987717442
      0.1141728048,       0.569146738,       4.984958889
      0.1143695338,      0.5698253441,       4.982317626
      0.1145452533,      0.5704042406,        4.97972831
      0.1147113793,      0.5709385792,       4.977174739
      0.1148629447,      0.5714114856,        4.97472433
       0.114996004,      0.5718055685,       4.972395117
      0.1151214423,      0.5721740532,       4.970177941
      0.1152403004,      0.5725218481,       4.968069732
      0.1153525385,      0.5728516923,        4.96609524
      0.1154547055,      0.5731425066,       4.964219554
      0.1155458934,      0.5733876168,       4.962423155
      0.1156285027,      0.5736008524,       4.960721959
      0.1157076488,      0.5738104583,       4.959140251
      0.1157822715,      0.5740082838,       4.957652639
      0.1158499086,      0.5741810746,         4.9562497
      0.1159096888,        0.57432464,        4.95493212
      0.1159629206,      0.5744466569,       4.953709804
      0.1160111985,      0.5745541086,       4.952574547
      0.1160541104,      0.5746430484,       4.951509659
      0.1160926788,      0.5747182031,       4.950512032
      0.1161278769,      0.5747838169,       4.949576554
      0.1161598993,      0.5748403079,       4.948698399
        0.11618879,      0.5748877817,       4.947876483
      0.1162143889,      0.5749253656,       4.947110002
      0.1162383482,      0.5749610398,       4.946397198
      0.1162611473,      0.5749967474,       4.945734328
      0.1162817725,      0.5750259479,       4.945108209
      0.1163006855,      0.5750515137,       4.944523855
      0.1163182225,      0.5750753834,       4.943983592
      0.1163342536,      0.5750967075,       4.943485601
      0.1163489177,      0.5751158682,       4.943027228
      0.1163622237,      0.5751323552,       4.942603683
      0.1163742751,       0.575146515,       4.942213513
      0.1163852472,      0.5751588107,       4.941853238
       0.116395156,      0.5751691372,       4.941521253
      0.1164041609,      0.5751778268,       4.941213634
      0.1164123617,      0.5751851233,       4.940928221
      0.1164198552,      0.5751914561,       4.940664592
       0.116426709,      0.5751970771,       4.940422023
      0.1164329536,      0.5752020235,       4.940199537
      0.1164386019,       0.575206134,       4.939995193
      0.1164436618,      0.5752091866,        4.93980675
      0.1164481563,      0.5752111012,       4.939632532
      0.1164521354,      0.5752119467,        4.93947101
      0.1164556362,       0.575211763,       4.939320945
      0.1164587287,      0.5752108302,       4.939181773
      0.1164614617,      0.5752093436,       4.939053102
       0.116463889,      0.5752075109,       4.938934429
      0.1164660527,      0.5752054763,       4.938825202
      0.1164679679,      0.5752032381,       4.938724769
      0.1164696528,      0.5752008055,       4.938632441
      0.1164711256,      0.5751981937,       4.938547567
       0.116472405,      0.5751954204,       4.938469507
      0.1164735094,      0.5751925079,       4.938397675
      0.1164744583,      0.5751894957,        4.93833158
      0.1164752684,      0.5751864127,       4.938270763
      0.1164759545,      0.5751832845,       4.938214819
      0.1164765296,      0.5751801296,        4.93816335
      0.1164770054,      0.5751769638,          4.938116
      0.1164773924,      0.5751738016,       4.938072441
      0.1164777008,      0.5751706567,       4.938032368
      0.1164779398,      0.5751675422,       4.937995499
      0.1164781177,      0.5751644696,       4.937961575
      0.1164782424,      0.5751614488,       4.937930356
      0.1164783205,      0.5751584881,       4.937901625
      0.1164783583,      0.5751555946,        4.93787518
      0.1164783614,      0.5751527746,        4.93785084
      0.1164783346,      0.5751500331,       4.937828438
      0.1164782825,      0.5751473742,       4.937807821
      0.1164782089,       0.575144801,       4.937788848
      0.1164781174,      0.5751423155,       4.937771387
      0.1164780111,      0.5751399189,       4.937755319
      0.1164778927,      0.5751376116,        4.93774053
      0.1164777645,      0.5751353934,       4.937726919
      0.1164776288,      0.5751332637,        4.93771439
      0.1164774872,      0.5751312213,       4.937702856
      0.1164773415,      0.5751292647,       4.937692236
      0.1164771929,      0.5751273922,       4.937682457
      0.1164770428,      0.5751256018,       4.937673448
      0.1164768922,      0.5751238914,       4.937665148
       0.116476742,      0.5751222587,       4.937657498
       0.116476593,      0.5751207013,       4.937650444
      0.1164764459,      0.5751192167,       4.937643937
      0.1164763011,      0.5751178025,       4.937637933
      0.1164761592,       0.575116456,       4.937632388
      0.1164760205,      0.5751151748,       4.937627266
      0.1164758854,      0.5751139564,       4.937622532
      0.1164757542,      0.5751127982,       4.937618153
      0.1164756269,       0.575111698,       4.937614102
      0.1164755038,      0.5751106532,       4.937610351
      0.1164753849,      0.5751096615,       4.937606876
      0.1164752704,      0.5751087206,       4.937603654
      0.1164751601,      0.5751078281,       4.937600666
      0.1164750542,      0.5751069819,       4.937597892
      0.1164749525,      0.5751061796,       4.937595314
       0.116474855,      0.5751054193,       4.937592918
      0.1164747618,       0.575104699,       4.937590688
      0.1164746725,      0.5751040167,       4.937588612
      0.1164745873,      0.5751033706,       4.937586677
       0.116474506,      0.5751027589,       4.937584873
      0.1164744284,      0.5751021799,        4.93758319
      0.1164743545,      0.5751016319,       4.937581617
      0.1164742842,      0.5751011133,       4.937580148
      0.1164742172,      0.5751006226,       4.937578773
      0.1164741536,      0.5751001584,       4.937577486
      0.1164740931,      0.5750997193,        4.93757628
      0.1164740356,       0.575099304,       4.937575149
      0.1164739811,      0.5750989111,       4.937574089
      0.1164739294,      0.5750985396,       4.937573092
      0.1164738803,      0.5750981883,       4.937572156
      0.1164738338,      0.5750978561,       4.937571276
      0.1164737897,      0.5750975419,       4.937570448
      0.1164737479,      0.5750972449,       4.937569668
      0.1164737084,       0.575096964,       4.937568933
      0.1164736709,      0.5750966984,        4.93756824
      0.1164736355,      0.5750964473,       4.937567586
       0.116473602,      0.5750962099,       4.937566969
      0.1164735703,      0.5750959854,       4.937566386
      0.1164735403,      0.5750957731,       4.937565836
      0.1164735119,      0.5750955724,       4.937565315
      0.1164734851,      0.5750953825,       4.937564822
      0.1164734597,       0.575095203,       4.937564356
      0.1164734357,      0.5750950333,       4.937563914
      0.1164734131,      0.5750948727,       4.937563496
      0.1164733917,      0.5750947208,       4.937563099
      0.1164733715,      0.5750945772,       4.937562723
      0.1164733524,      0.5750944413,       4.937562367
      0.1164733343,      0.5750943128,       4.937562028
      0.1164733173,      0.5750941912,       4.937561707
      0.1164733011,      0.5750940761,       4.937561403
      0.1164732859,      0.5750939673,       4.937561113
      0.1164732715,      0.5750938643,       4.937560838
       0.116473258,      0.5750937668,       4.937560577
      0.1164732451,      0.5750936746,       4.937560329
       0.116473233,      0.5750935873,       4.937560093
      0.1164732216,      0.5750935046,       4.937559869
      0.1164732107,      0.5750934264,       4.937559656
      0.1164732005,      0.5750933524,       4.937559453
      0.1164731909,      0.5750932823,       4.937559261
      0.1164731818,      0.5750932159,       4.937559077
      0.1164731731,       0.575093153,       4.937558903
       0.116473165,      0.5750930935,       4.937558737
      0.1164731573,      0.5750930372,       4.937558579
      0.1164731501,      0.5750929838,       4.937558429
      0.1164731432,      0.5750929333,       4.937558286
      0.1164731367,      0.5750928854,       4.937558151
      0.1164731306,      0.5750928401,       4.937558021
      0.1164731248,      0.5750927971,       4.937557898
      0.1164731193,      0.5750927564,       4.937557781
      0.1164731141,      0.5750927179,        4.93755767
      0.1164731092,      0.5750926814,       4.937557564
      0.1164731046,      0.5750926468,       4.937557463
      0.1164731002,       0.575092614,       4.937557367
      0.1164730961,       0.575092583,       4.937557276
      0.1164730922,      0.5750925535,       4.937557189
      0.1164730885,      0.5750925257,       4.937557107
       0.116473085,      0.5750924992,       4.937557028
      0.1164730817,      0.5750924742,       4.937556953
      0.1164730785,      0.5750924505,       4.937556882
      0.1164730756,       0.575092428,       4.937556815
      0.1164730728,      0.5750924067,       4.937556751
      0.1164730701,      0.5750923865,        4.93755669
      0.1164730676,      0.5750923674,       4.937556632
      0.1164730652,      0.5750923493,       4.937556576
       0.116473063,      0.5750923321,       4.937556524
      0.1164730609,      0.5750923158,       4.937556474
      0.1164730589,      0.5750923004,       4.937556427
       0.116473057,      0.5750922858,       4.937556382
      0.1164730552,       0.575092272,       4.937556339
      0.1164730535,      0.5750922588,       4.937556298
      0.1164730519,      0.5750922464,        4.93755626
      0.1164730504,      0.5750922346,       4.937556223
      0.1164730489,      0.5750922235,       4.937556188
      0.1164730476,      0.5750922129,       4.937556155
      0.1164730463,      0.5750922029,       4.937556124
       0.116473045,      0.5750921934,       4.937556094
      0.1164730439,      0.5750921844,       4.937556066
      0.1164730428,      0.5750921759,       4.937556039
      0.1164730418,      0.5750921678,       4.937556014
      0.1164730408,      0.5750921602,        4.93755599
      0.1164730399,      0.5750921529,       4.937555967
       0.116473039,      0.5750921461,       4.937555945
      0.1164730382,      0.5750921396,       4.937555924
      0.1164730374,      0.5750921334,       4.937555905
      0.1164730366,      0.5750921276,       4.937555886
      0.1164730359,      0.5750921221,       4.937555869
      0.1164730353,      0.5750921168,       4.937555852
      0.1164730346,      0.5750921119,       4.937555836
       0.116473034,      0.5750921072,       4.937555821
      0.1164730335,      0.5750921028,       4.937555807
