VARIABLES = \
       "CD"       ,       "CL"       ,      "CEff"      
     0.05743580128,      0.2463644721,       4.289388616
      0.0261268521,      0.2384113627,        9.12514687
     0.02346892739,       0.234268801,       9.982083848
     0.02173902759,      0.2321007005,       10.67668273
     0.02115471006,      0.2304488887,       10.89350258
     0.02076493965,      0.2301126429,       11.08178722
     0.02058692553,      0.2307721677,       11.20964699
     0.02055784695,      0.2316637863,       11.26887397
     0.02062143989,      0.2324404884,        11.2717875
      0.0207151207,      0.2330625662,       11.25084278
     0.02081688951,      0.2336472257,       11.22392592
     0.02092457355,      0.2342612368,        11.1955083
     0.02103957581,      0.2349130919,       11.16529601
      0.0211603406,      0.2355862295,       11.13338551
     0.02128301123,      0.2362552594,       11.10065004
     0.02140325153,      0.2368922066,        11.0680476
     0.02151866911,      0.2374848236,       11.03622266
     0.02163021228,      0.2380438662,       11.00515626
     0.02173747132,      0.2385711029,       10.97510835
     0.02184134783,      0.2390736826,       10.94592167
     0.02194135872,      0.2395583656,         10.918119
     0.02203659612,      0.2400161479,       10.89170699
     0.02212552495,       0.240441585,       10.86715843
     0.02220616168,      0.2408193472,       10.84470836
     0.02227822823,      0.2411465054,       10.82431255
     0.02234341031,      0.2414309615,       10.80546605
     0.02240214731,      0.2416800936,       10.78825571
     0.02245513244,      0.2418967967,       10.77245024
     0.02250299466,       0.242087892,       10.75803002
     0.02254628688,      0.2422583973,       10.74493546
     0.02258593253,      0.2424141524,       10.73297071
     0.02262238377,      0.2425585441,       10.72205947
     0.02265447223,      0.2426842504,       10.71242128
     0.02268399482,      0.2427988014,       10.70352922
     0.02271107382,      0.2429013159,       10.69528098
     0.02273577882,      0.2429931315,       10.68769772
      0.0227579541,      0.2430728847,       10.68078807
     0.02277798225,      0.2431430581,       10.67447746
     0.02279625693,      0.2432054192,       10.66865582
      0.0228129747,      0.2432610415,       10.66327582
     0.02282822483,      0.2433109107,       10.65833688
     0.02284213621,      0.2433560014,       10.65381973
     0.02285498557,      0.2433974434,       10.64964328
     0.02286659045,      0.2434346926,       10.64586752
     0.02287721102,      0.2434684534,         10.642401
     0.02288682959,      0.2434984739,       10.63924005
     0.02289548986,      0.2435252246,       10.63638411
     0.02290339618,      0.2435498571,        10.6337879
     0.02291055088,      0.2435720037,       10.63143374
     0.02291696763,      0.2435915075,         10.629308
     0.02292268882,      0.2436084869,        10.6273958
     0.02292778355,      0.2436232427,       10.62567789
     0.02293233501,      0.2436361523,       10.62413192
     0.02293640449,      0.2436474389,       10.62273902
     0.02294003957,      0.2436572412,       10.62148304
     0.02294328098,      0.2436656815,       10.62035032
     0.02294616479,      0.2436728856,       10.61932954
     0.02294872354,      0.2436789785,         10.618411
     0.02295098744,      0.2436840798,       10.61758586
     0.02295298504,      0.2436882997,       10.61684567
     0.02295474308,      0.2436917385,       10.61618236
     0.02295628615,      0.2436944882,       10.61558854
     0.02295763732,      0.2436966354,       10.61505729
     0.02295881874,      0.2436982585,       10.61458176
     0.02295984132,      0.2436994208,       10.61415963
     0.02296072842,      0.2437002096,        10.6137839
     0.02296149786,      0.2437007146,       10.61345022
     0.02296215786,      0.2437009661,       10.61315611
     0.02296272045,      0.2437010002,       10.61289758
     0.02296319903,      0.2437008633,       10.61267043
      0.0229636044,      0.2437005922,       10.61247128
     0.02296394548,      0.2437002155,       10.61229725
     0.02296423023,      0.2436997579,       10.61214574
     0.02296446588,      0.2436992405,       10.61201431
     0.02296465899,       0.243698681,       10.61190071
     0.02296481674,      0.2436981014,       10.61180258
     0.02296494255,      0.2436975072,       10.61171856
     0.02296504013,      0.2436969019,       10.61164712
     0.02296511452,      0.2436962995,       10.61158651
     0.02296516975,      0.2436957104,       10.61153534
     0.02296520892,      0.2436951399,        10.6114924
     0.02296523464,      0.2436945908,       10.61145661
     0.02296524916,      0.2436940652,       10.61142701
      0.0229652545,       0.243693565,       10.61140276
     0.02296525236,      0.2436930915,       10.61138313
     0.02296524418,      0.2436926455,       10.61136749
     0.02296523116,      0.2436922272,       10.61135529
     0.02296521435,      0.2436918367,       10.61134605
     0.02296519465,      0.2436914736,       10.61133935
     0.02296517282,      0.2436911373,       10.61133479
     0.02296514953,       0.243690827,       10.61133204
     0.02296512535,      0.2436905417,       10.61133079
     0.02296510075,      0.2436902801,       10.61133076
     0.02296507613,      0.2436900408,       10.61133172
      0.0229650518,      0.2436898226,       10.61133346
     0.02296502799,       0.243689624,       10.61133582
     0.02296500489,      0.2436894438,       10.61133864
      0.0229649826,      0.2436892806,       10.61134183
     0.02296496121,      0.2436891332,        10.6113453
     0.02296494078,      0.2436890007,       10.61134897
     0.02296492132,      0.2436888819,       10.61135279
     0.02296490287,      0.2436887757,       10.61135669
     0.02296488542,      0.2436886814,       10.61136064
     0.02296486898,      0.2436885979,        10.6113646
     0.02296485354,      0.2436885243,       10.61136854
     0.02296483909,      0.2436884599,       10.61137241
      0.0229648256,      0.2436884039,        10.6113762
     0.02296481304,      0.2436883554,       10.61137989
      0.0229648014,      0.2436883139,       10.61138347
     0.02296479063,      0.2436882786,       10.61138691
     0.02296478069,       0.243688249,       10.61139021
     0.02296477156,      0.2436882246,       10.61139336
     0.02296476319,      0.2436882047,       10.61139637
     0.02296475554,      0.2436881891,       10.61139922
     0.02296474857,      0.2436881772,       10.61140192
     0.02296474224,      0.2436881686,       10.61140448
     0.02296473651,       0.243688163,       10.61140688
     0.02296473134,        0.24368816,       10.61140914
     0.02296472667,      0.2436881594,       10.61141127
     0.02296472248,      0.2436881607,       10.61141326
     0.02296471873,      0.2436881638,       10.61141513
     0.02296471538,      0.2436881684,       10.61141688
     0.02296471239,      0.2436881743,       10.61141852
     0.02296470973,      0.2436881813,       10.61142005
     0.02296470738,      0.2436881891,       10.61142148
     0.02296470531,      0.2436881978,       10.61142281
     0.02296470348,      0.2436882069,       10.61142405
     0.02296470189,      0.2436882166,       10.61142521
     0.02296470051,      0.2436882265,       10.61142628
     0.02296469931,      0.2436882367,       10.61142728
     0.02296469829,       0.243688247,        10.6114282
     0.02296469741,      0.2436882574,       10.61142906
     0.02296469668,      0.2436882678,       10.61142985
     0.02296469607,       0.243688278,       10.61143058
     0.02296469556,      0.2436882882,       10.61143125
     0.02296469516,      0.2436882982,       10.61143187
     0.02296469484,       0.243688308,       10.61143245
      0.0229646946,      0.2436883175,       10.61143298
     0.02296469442,      0.2436883269,       10.61143346
      0.0229646943,      0.2436883359,       10.61143391
     0.02296469423,      0.2436883447,       10.61143433
     0.02296469421,      0.2436883532,       10.61143471
     0.02296469422,      0.2436883614,       10.61143506
     0.02296469427,      0.2436883692,       10.61143538
     0.02296469434,      0.2436883768,       10.61143568
     0.02296469443,      0.2436883841,       10.61143595
