VARIABLES = \
       "CD"       ,       "CL"       ,      "CEff"      
      0.2316866923,      0.1136977004,      0.4907390204
      0.1824545081,     0.05808483486,      0.3183524236
       0.176938231,      0.0374881405,      0.2118713423
      0.1732377884,     0.02481091406,       0.143218834
      0.1722245376,     0.01870406473,      0.1086027868
      0.1719687883,     0.01916177434,      0.1114258845
      0.1716626119,     0.01972245194,      0.1148907833
      0.1717436213,     0.01963028746,      0.1142999508
      0.1721239298,     0.01983292438,      0.1152246779
      0.1727510659,     0.02067114656,      0.1196585761
      0.1734696289,     0.02181405695,      0.1257514477
       0.174169115,     0.02327298392,      0.1336229097
      0.1748295706,     0.02473062527,      0.1414556198
      0.1754378508,     0.02589047659,      0.1475763438
       0.175999367,     0.02658532628,      0.1510535335
      0.1765381414,     0.02680755727,      0.1518513623
      0.1770582734,     0.02675551411,      0.1511113465
      0.1775742114,     0.02673131667,      0.1505360292
        0.17809689,     0.02696430827,      0.1514024657
      0.1785781712,     0.02734074213,      0.1531023749
      0.1790389776,     0.02774997603,      0.1549940488
      0.1794723935,     0.02807573621,      0.1564348458
      0.1798642214,     0.02819269523,      0.1567443209
       0.180212789,     0.02812615714,      0.1560719264
      0.1805267075,     0.02792245822,      0.1546721735
      0.1808314218,     0.02774103962,      0.1534082924
      0.1811167615,     0.02762814505,       0.152543281
      0.1813795322,     0.02761768074,      0.1522645935
      0.1816177546,     0.02766500546,      0.1523254459
      0.1818311271,     0.02767619894,      0.1522082571
      0.1820241576,     0.02762642662,      0.1517734074
      0.1821980606,     0.02751753737,      0.1510309016
      0.1823571909,     0.02736927753,      0.1500860888
      0.1825005273,     0.02721062027,      0.1490988584
      0.1826307342,     0.02706249172,      0.1481814758
      0.1827468807,     0.02691951217,      0.1473049065
       0.182848238,     0.02677242106,       0.146418808
      0.1829380584,     0.02663682196,      0.1456056886
      0.1830214784,     0.02645227536,      0.1445309894
      0.1830998371,     0.02622007666,       0.143200983
      0.1831734222,      0.0259667051,      0.1417602226
       0.183241233,     0.02570636945,       0.140287036
      0.1833041402,     0.02542896763,      0.1387255498
      0.1833613864,     0.02513509183,      0.1370795254
      0.1834152281,     0.02483166409,      0.1353849642
      0.1834661755,     0.02452226905,      0.1336609812
      0.1835136727,      0.0242110059,      0.1319302564
      0.1835577594,     0.02390289455,       0.130220017
      0.1835991843,     0.02361433927,       0.128618977
      0.1836379217,     0.02334734595,      0.1271379339
       0.183672517,     0.02309701281,      0.1257510551
      0.1837038222,     0.02287420978,      0.1245167874
      0.1837337304,     0.02267225058,      0.1233973235
      0.1837625168,     0.02248394021,      0.1223532449
      0.1837885331,     0.02232288279,      0.1214596058
      0.1838119723,     0.02218804607,      0.1207105598
      0.1838324486,     0.02207245615,      0.1200683357
      0.1838499024,     0.02197614879,      0.1195331002
      0.1838644184,     0.02189859219,       0.119101849
       0.183876479,     0.02183936585,      0.1187719385
      0.1838867955,     0.02179093985,      0.1185019283
      0.1838957169,      0.0217502038,      0.1182746622
      0.1839034421,     0.02171738974,      0.1180912629
      0.1839095702,     0.02169453683,      0.1179630664
      0.1839148444,     0.02167532582,      0.1178552275
       0.183919771,     0.02165679174,      0.1177512979
      0.1839242558,     0.02163795307,      0.1176460004
      0.1839281229,     0.02162153189,      0.1175542465
      0.1839315048,      0.0216075795,      0.1174762286
       0.183934489,     0.02159501141,      0.1174059934
      0.1839371156,     0.02158428082,      0.1173459785
      0.1839393949,      0.0215759054,      0.1172989909
      0.1839413405,     0.02156901153,      0.1172602715
       0.183942998,      0.0215625413,      0.1172240397
      0.1839444247,      0.0215562885,      0.1171891376
      0.1839456629,      0.0215505618,      0.1171572162
      0.1839467399,     0.02154549979,      0.1171290114
      0.1839476745,     0.02154092546,      0.1171035487
      0.1839484806,     0.02153658684,      0.1170794495
      0.1839491686,     0.02153239212,      0.1170562079
        0.18394975,      0.0215284243,      0.1170342678
      0.1839502411,     0.02152478798,      0.1170141874
      0.1839506607,     0.02152149508,      0.1169960195
      0.1839510246,     0.02151846566,      0.1169793194
      0.1839513419,     0.02151559193,      0.1169634954
      0.1839516168,     0.02151279314,      0.1169481058
      0.1839518522,     0.02151003821,      0.1169329798
      0.1839520523,     0.02150734049,      0.1169181872
      0.1839522231,     0.02150474573,       0.116903973
      0.1839523704,     0.02150231044,      0.1168906407
      0.1839524984,      0.0215000742,      0.1168784028
      0.1839526096,     0.02149804166,      0.1168672829
      0.1839527052,     0.02149618505,      0.1168571293
      0.1839527859,     0.02149446328,      0.1168477182
      0.1839528527,     0.02149284399,       0.116838873
      0.1839529069,     0.02149131529,      0.1168305283
      0.1839529505,     0.02148988361,      0.1168227177
      0.1839529853,     0.02148856304,      0.1168155168
      0.1839530129,     0.02148736435,      0.1168089829
      0.1839530343,     0.02148628912,      0.1168031243
      0.1839530501,     0.02148533009,      0.1167979008
      0.1839530608,     0.02148447526,       0.116793247
      0.1839530669,     0.02148371265,      0.1167890974
      0.1839530691,     0.02148303309,      0.1167854018
      0.1839530678,     0.02148243045,      0.1167821266
      0.1839530638,     0.02148190002,      0.1167792456
      0.1839530574,     0.02148143667,      0.1167767308
       0.183953049,     0.02148103392,      0.1167745468
      0.1839530389,     0.02148068429,      0.1167726525
      0.1839530272,     0.02148038026,      0.1167710071
      0.1839530144,     0.02148011522,      0.1167695745
      0.1839530007,     0.02147988377,       0.116768325
      0.1839529863,     0.02147968138,      0.1167672339
      0.1839529717,     0.02147950386,      0.1167662782
      0.1839529569,     0.02147934707,      0.1167654352
      0.1839529421,     0.02147920684,      0.1167646822
      0.1839529276,     0.02147907929,      0.1167639981
      0.1839529133,     0.02147896112,      0.1167633648
      0.1839528994,     0.02147884976,      0.1167627683
       0.183952886,     0.02147874335,      0.1167621983
      0.1839528731,      0.0214786405,      0.1167616473
       0.183952861,     0.02147854012,      0.1167611093
      0.1839528496,     0.02147844123,      0.1167605791
      0.1839528389,     0.02147834302,      0.1167600519
      0.1839528289,     0.02147824482,      0.1167595245
      0.1839528196,     0.02147814623,      0.1167589943
      0.1839528111,     0.02147804708,      0.1167584607
      0.1839528033,     0.02147794743,       0.116757924
      0.1839527962,     0.02147784748,      0.1167573852
      0.1839527898,     0.02147774748,      0.1167568456
      0.1839527839,     0.02147764771,      0.1167563069
      0.1839527787,     0.02147754844,      0.1167557706
      0.1839527741,     0.02147744997,      0.1167552383
      0.1839527699,     0.02147735259,      0.1167547116
      0.1839527662,     0.02147725663,      0.1167541922
      0.1839527629,     0.02147716239,       0.116753682
      0.1839527601,     0.02147707016,      0.1167531824
      0.1839527576,      0.0214769802,       0.116752695
      0.1839527554,     0.02147689272,      0.1167522208
      0.1839527534,     0.02147680791,       0.116751761
      0.1839527518,     0.02147672593,      0.1167513164
      0.1839527503,      0.0214766469,      0.1167508877
      0.1839527491,     0.02147657092,      0.1167504755
       0.183952748,     0.02147649807,      0.1167500801
      0.1839527471,     0.02147642839,      0.1167497019
      0.1839527463,     0.02147636191,       0.116749341
      0.1839527456,     0.02147629861,      0.1167489973
       0.183952745,     0.02147623846,      0.1167486707
      0.1839527445,     0.02147618141,      0.1167483609
       0.183952744,      0.0214761274,      0.1167480676
      0.1839527437,     0.02147607635,      0.1167477903
      0.1839527433,     0.02147602816,      0.1167475286
       0.183952743,     0.02147598275,       0.116747282
      0.1839527427,        0.02147594,      0.1167470497
      0.1839527425,      0.0214758998,      0.1167468313
      0.1839527422,     0.02147586202,      0.1167466261
       0.183952742,     0.02147582655,      0.1167464334
      0.1839527418,     0.02147579326,      0.1167462526
      0.1839527417,     0.02147576204,      0.1167460829
      0.1839527415,     0.02147573275,      0.1167459238
      0.1839527413,     0.02147570529,      0.1167457747
      0.1839527412,     0.02147567954,      0.1167456348
       0.183952741,     0.02147565539,      0.1167455036
      0.1839527409,     0.02147563273,      0.1167453805
      0.1839527407,     0.02147561147,       0.116745265
      0.1839527406,     0.02147559151,      0.1167451566
      0.1839527405,     0.02147557276,      0.1167450547
      0.1839527404,     0.02147555514,       0.116744959
      0.1839527403,     0.02147553856,       0.116744869
      0.1839527401,     0.02147552297,      0.1167447843
        0.18395274,     0.02147550828,      0.1167447045
      0.1839527399,     0.02147549445,      0.1167446294
      0.1839527398,      0.0214754814,      0.1167445585
      0.1839527398,     0.02147546909,      0.1167444917
      0.1839527397,     0.02147545747,      0.1167444285
      0.1839527396,      0.0214754465,      0.1167443689
      0.1839527395,     0.02147543613,      0.1167443126
      0.1839527395,     0.02147542632,      0.1167442593
      0.1839527394,     0.02147541705,       0.116744209
      0.1839527394,     0.02147540828,      0.1167441613
      0.1839527393,     0.02147539998,      0.1167441163
      0.1839527393,     0.02147539213,      0.1167440736
      0.1839527392,      0.0214753847,      0.1167440332
      0.1839527392,     0.02147537767,       0.116743995
      0.1839527392,     0.02147537101,      0.1167439589
      0.1839527391,     0.02147536471,      0.1167439246
      0.1839527391,     0.02147535876,      0.1167438923
      0.1839527391,     0.02147535312,      0.1167438616
      0.1839527391,     0.02147534779,      0.1167438327
       0.183952739,     0.02147534275,      0.1167438053
       0.183952739,     0.02147533799,      0.1167437794
