VARIABLES = \
       "CD"       ,       "CL"       ,      "CEff"      
      0.1410055802,      0.1932693855,       1.370650617
     0.09621929097,       0.228630943,       2.376144541
     0.09165915158,       0.229933259,       2.508568485
     0.08749864395,      0.2344441687,       2.679403452
     0.08588636312,      0.2395984548,       2.789714759
     0.08491584137,      0.2417657897,       2.847122349
     0.08459252113,      0.2423501583,       2.864912347
     0.08461674029,      0.2429076138,       2.870680352
     0.08480902062,      0.2437626982,       2.874254371
     0.08508503379,      0.2449026737,       2.878328453
     0.08542560335,      0.2461276783,       2.881193327
     0.08580615118,      0.2473627708,       2.882809302
      0.0862056049,      0.2484795927,       2.882406463
     0.08661620353,      0.2494520463,       2.879969753
     0.08702417358,      0.2503002962,       2.876215722
     0.08741181467,      0.2510534729,       2.872077119
     0.08778425616,      0.2518089873,       2.868498275
      0.0881480167,      0.2525878923,       2.865497169
     0.08848485686,      0.2533343127,       2.863024496
       0.088803221,      0.2540602828,       2.860935447
     0.08910787522,      0.2547359932,       2.858737149
     0.08939216373,      0.2552983162,       2.855936198
     0.08965389489,      0.2557744388,       2.852909393
      0.0898947785,      0.2561799145,       2.849775246
     0.09011150561,      0.2564721293,       2.846164067
     0.09031248398,      0.2566804002,       2.842136423
     0.09049709152,      0.2568456024,       2.838164167
     0.09067237818,      0.2570125717,       2.834518923
     0.09083783065,      0.2571854194,       2.831258933
     0.09099683212,      0.2573630404,       2.828263737
     0.09114861329,      0.2575518799,       2.825625872
     0.09129021449,      0.2577360617,       2.823260556
     0.09142010046,      0.2579012004,       2.821055754
     0.09153885743,       0.258038702,       2.818897999
     0.09164662044,      0.2581505697,       2.816804028
      0.0917427983,      0.2582375961,       2.814799645
       0.091831664,      0.2583160334,       2.812929899
     0.09191522125,      0.2583912853,       2.811191463
     0.09199304052,      0.2584651877,       2.809616751
     0.09206449373,       0.258533667,       2.808179967
     0.09213127957,      0.2586007642,         2.8068726
     0.09219215335,      0.2586576336,       2.805636101
     0.09224688799,      0.2586995675,       2.804425961
      0.0922955443,      0.2587239559,       2.803211768
     0.09233847343,      0.2587341924,       2.802019383
     0.09237664761,      0.2587358864,       2.800879801
     0.09241095506,      0.2587314379,        2.79979184
     0.09244176618,      0.2587219467,       2.798755988
      0.0924694249,      0.2587080943,       2.797769042
     0.09249429487,      0.2586906895,       2.796828602
      0.0925162532,      0.2586709561,       2.795951492
     0.09253621493,      0.2586521879,       2.795145534
     0.09255399331,      0.2586333494,       2.794405084
     0.09256984256,      0.2586154806,       2.793733612
     0.09258418839,      0.2586001116,       2.793134726
     0.09259722033,      0.2585873452,       2.792603755
     0.09260907613,      0.2585771838,       2.792136523
     0.09261985541,      0.2585697344,       2.791731139
     0.09262949435,      0.2585639157,       2.791377816
      0.0926380331,      0.2585585894,       2.791063031
     0.09264563529,      0.2585536667,        2.79078087
     0.09265243911,      0.2585493443,       2.790529281
     0.09265854167,      0.2585458407,       2.790307683
     0.09266399025,      0.2585429731,       2.790112668
     0.09266879552,      0.2585403455,       2.789939635
     0.09267305245,      0.2585379499,       2.789785629
     0.09267683485,      0.2585357588,       2.789648128
      0.0926801785,      0.2585336542,       2.789524777
     0.09268312215,       0.258531575,       2.789413747
      0.0926857056,      0.2585295154,       2.789313775
     0.09268796521,      0.2585274995,       2.789224026
     0.09268993404,      0.2585255606,       2.789143862
     0.09269164371,      0.2585237236,       2.789072599
     0.09269312159,      0.2585220129,       2.789009674
     0.09269439693,       0.258520417,       2.788954085
     0.09269548929,      0.2585189624,       2.788905527
     0.09269641883,      0.2585176554,        2.78886346
     0.09269720707,      0.2585164715,       2.788826974
      0.0926978728,      0.2585153861,       2.788795237
     0.09269843194,      0.2585143843,       2.788767608
     0.09269889826,      0.2585134581,       2.788743587
     0.09269928383,      0.2585126035,       2.788722769
     0.09269959928,       0.258511818,       2.788704805
     0.09269985407,      0.2585110994,       2.788689389
     0.09270005653,      0.2585104457,       2.788676247
     0.09270021396,      0.2585098547,       2.788665135
     0.09270033271,      0.2585093235,       2.788655833
     0.09270041837,      0.2585088492,        2.78864814
     0.09270047584,      0.2585084289,       2.788641877
     0.09270050943,      0.2585080594,        2.78863688
     0.09270052293,      0.2585077375,       2.788633001
     0.09270051966,      0.2585074598,       2.788630104
     0.09270050254,      0.2585072231,       2.788628066
     0.09270047409,      0.2585070238,       2.788626771
     0.09270043649,      0.2585068584,       2.788626119
     0.09270039164,      0.2585067237,       2.788626015
     0.09270034115,      0.2585066165,       2.788626377
      0.0927002864,      0.2585065338,       2.788627132
     0.09270022859,      0.2585064728,       2.788628213
     0.09270016874,       0.258506431,       2.788629562
      0.0927001077,       0.258506406,       2.788631129
     0.09270004622,      0.2585063958,       2.788632868
     0.09269998491,      0.2585063983,       2.788634739
     0.09269992432,      0.2585064117,       2.788636707
     0.09269986487,      0.2585064345,       2.788638741
     0.09269980692,      0.2585064652,       2.788640816
     0.09269975077,      0.2585065025,       2.788642908
     0.09269969663,      0.2585065454,       2.788644998
     0.09269964469,      0.2585065927,       2.788647072
     0.09269959505,      0.2585066437,       2.788649114
     0.09269954781,      0.2585066974,       2.788651115
     0.09269950299,      0.2585067532,       2.788653066
     0.09269946062,      0.2585068104,       2.788654958
     0.09269942068,      0.2585068685,       2.788656786
     0.09269938312,      0.2585069268,       2.788658545
     0.09269934791,       0.258506985,       2.788660232
     0.09269931498,      0.2585070427,       2.788661845
     0.09269928424,      0.2585070995,       2.788663382
     0.09269925561,      0.2585071551,       2.788664843
     0.09269922901,      0.2585072093,       2.788666228
     0.09269920435,      0.2585072619,       2.788667537
     0.09269918151,      0.2585073128,       2.788668773
     0.09269916042,      0.2585073619,       2.788669937
     0.09269914097,       0.258507409,       2.788671031
     0.09269912307,      0.2585074542,       2.788672057
     0.09269910661,      0.2585074974,       2.788673017
     0.09269909152,      0.2585075386,       2.788673916
     0.09269907771,      0.2585075778,       2.788674754
     0.09269906507,       0.258507615,       2.788675536
     0.09269905354,      0.2585076503,       2.788676264
     0.09269904304,      0.2585076838,       2.788676941
     0.09269903348,      0.2585077154,       2.788677569
      0.0926990248,      0.2585077452,       2.788678152
     0.09269901693,      0.2585077733,       2.788678692
      0.0926990098,      0.2585077997,       2.788679192
     0.09269900336,      0.2585078246,       2.788679654
     0.09269899755,       0.258507848,       2.788680081
     0.09269899232,      0.2585078699,       2.788680475
     0.09269898761,      0.2585078904,       2.788680838
     0.09269898338,      0.2585079097,       2.788681172
      0.0926989796,      0.2585079277,        2.78868148
     0.09269897621,      0.2585079445,       2.788681764
     0.09269897319,      0.2585079602,       2.788682024
      0.0926989705,      0.2585079748,       2.788682263
      0.0926989681,      0.2585079885,       2.788682482
     0.09269896598,      0.2585080012,       2.788682684
      0.0926989641,       0.258508013,       2.788682868
     0.09269896244,      0.2585080241,       2.788683037
     0.09269896098,      0.2585080343,       2.788683191
     0.09269895969,      0.2585080438,       2.788683332
     0.09269895857,      0.2585080527,       2.788683462
     0.09269895759,      0.2585080609,        2.78868358
     0.09269895673,      0.2585080685,       2.788683687
     0.09269895599,      0.2585080755,       2.788683786
     0.09269895535,       0.258508082,       2.788683875
     0.09269895481,      0.2585080881,       2.788683957
     0.09269895434,      0.2585080937,       2.788684031
     0.09269895394,      0.2585080988,       2.788684099
     0.09269895361,      0.2585081036,       2.788684161
     0.09269895333,       0.258508108,       2.788684217
     0.09269895309,      0.2585081121,       2.788684267
      0.0926989529,      0.2585081159,       2.788684314
