VARIABLES = \
       "CD"       ,       "CL"       ,      "CEff"      
     0.07176879438,       0.240558724,       3.351856835
      0.0345929407,      0.2479154005,       7.166647169
     0.03251188663,      0.2422261457,        7.45038725
     0.02943354565,      0.2423037982,       8.232232743
     0.02819844385,      0.2435604976,        8.63737371
     0.02745840047,      0.2446457822,       8.909688036
     0.02712892832,       0.245607829,       9.053355372
     0.02704694079,      0.2468111188,         9.1252878
     0.02713851352,      0.2482676939,       9.148168477
     0.02730506622,      0.2497485492,        9.14660112
     0.02748548445,      0.2510643336,       9.134433632
      0.0276636326,      0.2521947999,       9.116474455
     0.02783610597,      0.2532073123,       9.096362566
     0.02800204018,       0.254165853,       9.076690532
     0.02816023919,      0.2550758757,       9.058015237
     0.02830828419,      0.2558897263,       9.039393719
     0.02844587513,      0.2565892765,       9.020263054
     0.02857239399,      0.2571811038,       9.001034492
     0.02869150812,      0.2577116247,       8.982156799
     0.02880262451,      0.2581927775,         8.9642101
      0.0289020426,      0.2586080189,       8.947741946
     0.02899122233,      0.2589615341,        8.93241172
     0.02907428461,      0.2592845859,       8.918003983
     0.02915312501,      0.2595895029,       8.904345686
     0.02922913844,      0.2598827711,       8.891222424
      0.0293038712,      0.2601749746,        8.87851891
     0.02937557046,      0.2604532821,       8.866322524
     0.02944047862,      0.2606986492,       8.855109067
     0.02949856628,      0.2609138793,       8.844968154
     0.02955121772,      0.2611045804,       8.835662304
     0.02959973095,      0.2612781002,       8.827043077
     0.02964510095,      0.2614384721,       8.818943559
     0.02968715051,      0.2615843838,       8.811367184
     0.02972580922,      0.2617155289,       8.804319738
     0.02976079535,      0.2618314777,       8.797865603
     0.02979215196,      0.2619329222,       8.792010811
     0.02982019128,      0.2620226376,       8.786752413
     0.02984523282,      0.2621025711,       8.782058186
     0.02986717222,      0.2621714578,        8.77791362
     0.02988669575,      0.2622319737,       8.774204278
     0.02990421384,      0.2622858818,       8.770866985
     0.02991998017,      0.2623342376,       8.767861347
     0.02993425136,      0.2623777302,       8.765134195
     0.02994723587,      0.2624164263,       8.762625954
     0.02995906355,      0.2624505691,       8.760306163
     0.02996994196,      0.2624809689,       8.758140715
     0.02997981684,       0.262507208,       8.756131147
     0.02998874245,      0.2625293675,       8.754263969
     0.02999677702,      0.2625474522,       8.752522047
     0.03000400138,      0.2625619385,       8.750897426
     0.03001053466,      0.2625738565,        8.74938949
     0.03001638522,       0.262583359,       8.748000702
     0.03002163308,      0.2625909936,       8.746725832
     0.03002632271,      0.2625971496,       8.745564753
     0.03003047793,      0.2626019938,       8.744515969
     0.03003412694,       0.262605684,       8.743576417
       0.030037307,      0.2626084061,       8.742741353
     0.03004005821,      0.2626103209,       8.742004394
     0.03004242095,      0.2626115542,       8.741357916
     0.03004444167,      0.2626122385,        8.74079277
     0.03004615766,      0.2626124629,       8.740301032
     0.03004760006,      0.2626122296,       8.739873701
     0.03004880765,      0.2626115935,         8.7395013
     0.03004981323,      0.2626106194,       8.739176426
     0.03005064286,      0.2626093334,       8.738892365
     0.03005132154,      0.2626077722,       8.738643055
     0.03005187341,      0.2626059931,       8.738423374
     0.03005231918,      0.2626040551,       8.738229271
     0.03005267565,      0.2626020082,        8.73805751
     0.03005295662,      0.2625998914,       8.737905382
     0.03005317398,      0.2625977358,       8.737770459
     0.03005333789,      0.2625955681,       8.737650677
     0.03005345679,      0.2625934109,       8.737544328
     0.03005353766,      0.2625912824,       8.737449992
     0.03005358601,      0.2625891969,       8.737366542
      0.0300536064,       0.262587166,        8.73729304
     0.03005360261,      0.2625852005,       8.737228742
     0.03005357796,      0.2625833106,       8.737173024
      0.0300535354,      0.2625815067,       8.737125373
     0.03005347762,      0.2625797975,       8.737085299
     0.03005340717,      0.2625781898,       8.737052286
     0.03005332648,      0.2625766876,       8.737025758
     0.03005323794,      0.2625752913,       8.737005039
     0.03005314382,      0.2625739989,       8.736989396
     0.03005304631,      0.2625728059,       8.736978048
     0.03005294745,       0.262571707,       8.736970224
     0.03005284916,       0.262570696,       8.736965158
     0.03005275311,       0.262569766,       8.736962137
     0.03005266064,      0.2625689108,       8.736960562
     0.03005257277,      0.2625681238,       8.736959918
     0.03005249019,      0.2625673985,       8.736959793
     0.03005241321,      0.2625667288,        8.73695989
     0.03005234182,      0.2625661093,       8.736960028
     0.03005227579,      0.2625655349,       8.736960115
     0.03005221464,      0.2625650015,       8.736960142
     0.03005215782,      0.2625645054,       8.736960153
     0.03005210469,      0.2625640437,       8.736960238
     0.03005205459,      0.2625636145,       8.736960518
     0.03005200695,      0.2625632157,       8.736961101
     0.03005196125,      0.2625628461,       8.736962087
     0.03005191712,      0.2625625046,       8.736963555
     0.03005187429,      0.2625621903,       8.736965547
     0.03005183264,      0.2625619021,       8.736968066
     0.03005179216,      0.2625616388,       8.736971075
     0.03005175294,       0.262561399,       8.736974499
     0.03005171514,      0.2625611812,       8.736978238
     0.03005167896,      0.2625609835,        8.73698218
      0.0300516446,      0.2625608043,       8.736986205
     0.03005161228,      0.2625606418,       8.736990194
     0.03005158215,      0.2625604942,       8.736994042
     0.03005155434,        0.26256036,       8.736997661
     0.03005152891,      0.2625602377,       8.737000987
     0.03005150585,      0.2625601262,       8.737003978
      0.0300514851,      0.2625600242,       8.737006616
     0.03005146654,      0.2625599308,       8.737008905
     0.03005145002,      0.2625598454,       8.737010867
     0.03005143533,      0.2625597672,       8.737012535
     0.03005142227,      0.2625596957,       8.737013953
     0.03005141061,      0.2625596304,       8.737015169
     0.03005140015,      0.2625595709,       8.737016232
     0.03005139068,      0.2625595169,       8.737017186
     0.03005138204,       0.262559468,       8.737018071
     0.03005137408,      0.2625594239,        8.73701892
     0.03005136668,      0.2625593843,       8.737019753
     0.03005135976,      0.2625593488,       8.737020586
     0.03005135326,      0.2625593173,       8.737021425
     0.03005134716,      0.2625592892,       8.737022265
     0.03005134144,      0.2625592644,       8.737023102
     0.03005133609,      0.2625592424,       8.737023923
     0.03005133114,      0.2625592229,       8.737024715
     0.03005132658,      0.2625592056,       8.737025466
     0.03005132244,      0.2625591903,       8.737026163
      0.0300513187,      0.2625591767,       8.737026796
     0.03005131537,      0.2625591645,       8.737027358
     0.03005131244,      0.2625591535,       8.737027845
     0.03005130988,      0.2625591436,       8.737028258
     0.03005130767,      0.2625591346,       8.737028599
     0.03005130578,      0.2625591263,       8.737028873
     0.03005130417,      0.2625591187,        8.73702909
     0.03005130279,      0.2625591117,       8.737029258
     0.03005130161,      0.2625591052,       8.737029386
     0.03005130059,      0.2625590993,       8.737029486
     0.03005129969,      0.2625590939,       8.737029567
     0.03005129889,      0.2625590889,       8.737029636
     0.03005129815,      0.2625590844,       8.737029699
     0.03005129747,      0.2625590804,       8.737029763
     0.03005129682,      0.2625590767,       8.737029829
     0.03005129621,      0.2625590735,         8.7370299
     0.03005129562,      0.2625590706,       8.737029975
     0.03005129505,       0.262559068,       8.737030053
     0.03005129452,      0.2625590658,       8.737030132
     0.03005129402,      0.2625590638,       8.737030211
     0.03005129356,       0.262559062,       8.737030286
     0.03005129315,      0.2625590604,       8.737030355
     0.03005129278,       0.262559059,       8.737030416
     0.03005129245,      0.2625590577,       8.737030467
     0.03005129218,      0.2625590566,       8.737030508
