VARIABLES = \
       "CD"       ,       "CL"       ,      "CEff"      
       0.122211996,      0.3482067063,        2.84920235
     0.08313503903,      0.3548407394,       4.268245298
     0.07874267136,      0.3517802288,       4.467466276
     0.07480295616,      0.3449649981,       4.611649269
     0.07305898658,      0.3437887378,       4.705632447
     0.07220262682,      0.3444721745,       4.770909171
     0.07188254943,       0.345176027,       4.801944697
     0.07186179543,      0.3458361325,       4.812517283
     0.07204803557,      0.3468201919,       4.813735574
     0.07235622213,      0.3480632479,       4.810412119
      0.0727443016,      0.3495889259,       4.805722486
     0.07318087318,      0.3513527051,       4.801154862
     0.07362217677,      0.3531673573,       4.797024114
     0.07404233029,      0.3549127439,       4.793376202
     0.07443045349,       0.356494385,       4.789630698
     0.07476720748,      0.3578010038,        4.78553387
     0.07508264767,      0.3589809359,       4.781143806
     0.07540231884,      0.3601845119,        4.77683601
     0.07571348662,       0.361362021,       4.772756311
     0.07602457472,      0.3625648077,       4.769047496
     0.07632693232,      0.3637296379,       4.765416699
     0.07659965829,      0.3647006132,       4.761125851
     0.07686067899,      0.3655975198,       4.756626205
      0.0771147791,      0.3664740526,       4.752319295
     0.07734240648,      0.3672268229,       4.748065642
     0.07753928445,      0.3678309619,       4.743801346
     0.07772513008,      0.3683927381,        4.73968635
     0.07790559127,       0.368917036,       4.735437213
     0.07806695063,      0.3693057249,       4.730628287
     0.07821202373,      0.3695906521,       4.725496598
     0.07834719487,      0.3698388472,       4.720511664
     0.07847381423,      0.3700797884,       4.715965345
     0.07859252499,      0.3703345426,       4.712083531
     0.07870377929,      0.3705951057,       4.708733292
      0.0788079558,      0.3708480196,       4.705718043
     0.07890097481,      0.3710685946,       4.702965908
     0.07898257721,      0.3712563294,        4.70048386
     0.07905518626,      0.3714189915,       4.698224229
     0.07912743156,      0.3715925692,       4.696128282
     0.07919821339,      0.3717695131,       4.694165402
     0.07926656637,      0.3719475338,       4.692363386
     0.07933087857,      0.3721197096,       4.690729716
     0.07939282586,      0.3722928933,       4.689251066
     0.07945222099,      0.3724664541,       4.687930047
     0.07950584799,      0.3726248846,        4.68676071
     0.07955279586,      0.3727592791,       4.685684206
     0.07959429729,      0.3728704939,       4.684638304
     0.07963148244,       0.372965281,       4.683641062
     0.07966539265,      0.3730503136,       4.682714805
     0.07969558109,      0.3731237557,        4.68186254
     0.07972144294,       0.373180637,       4.681057232
     0.07974395344,      0.3732237503,       4.680276488
     0.07976340924,      0.3732536318,       4.679509507
     0.07978061967,      0.3732753389,       4.678772119
     0.07979614232,      0.3732927731,       4.678080447
     0.07981009505,      0.3733073941,       4.677445802
     0.07982269167,      0.3733205707,        4.67687274
     0.07983401836,      0.3733320503,       4.676352988
     0.07984414068,      0.3733413428,       4.675876521
      0.0798530928,      0.3733480127,       4.675435849
       0.079860948,      0.3733520877,       4.675026994
     0.07986778023,      0.3733537543,        4.67464794
     0.07987368198,      0.3733533608,        4.67429761
     0.07987871465,      0.3733511363,       4.673975263
     0.07988299899,      0.3733475505,       4.673679697
     0.07988665154,      0.3733430174,       4.673409264
     0.07988976449,      0.3733378235,       4.673162149
     0.07989240998,      0.3733321578,       4.672936489
     0.07989466147,       0.373326267,       4.672731069
     0.07989655998,      0.3733201805,       4.672543857
     0.07989813858,      0.3733139877,       4.672374029
     0.07989943554,      0.3733077942,       4.672220669
     0.07990048551,      0.3733016574,       4.672082466
     0.07990131924,      0.3732956087,       4.671958014
     0.07990196577,      0.3732896805,       4.671846017
      0.0799024525,      0.3732839096,       4.671745334
     0.07990280396,      0.3732783297,       4.671654951
     0.07990304082,      0.3732729626,       4.671573932
     0.07990318032,       0.373267819,       4.671501404
     0.07990323718,       0.373262902,       4.671436543
     0.07990322416,      0.3732582092,       4.671378572
     0.07990315228,      0.3732537338,       4.671326764
     0.07990303104,       0.373249467,       4.671280453
     0.07990286864,      0.3732453994,        4.67123904
     0.07990267234,      0.3732415227,       4.671201998
     0.07990244862,      0.3732378311,       4.671168875
     0.07990220326,      0.3732343204,       4.671139283
     0.07990194134,      0.3732309879,       4.671112887
     0.07990166774,      0.3732278328,       4.671089395
     0.07990138679,      0.3732248544,       4.671068543
      0.0799011022,      0.3732220507,       4.671050091
     0.07990081715,      0.3732194187,       4.671033814
     0.07990053425,      0.3732169539,       4.671019505
     0.07990025571,      0.3732146519,       4.671006977
     0.07989998344,      0.3732125085,       4.670996069
     0.07989971897,       0.373210519,        4.67098663
     0.07989946349,      0.3732086779,       4.670978522
      0.0798992179,      0.3732069789,       4.670971615
     0.07989898284,      0.3732054153,       4.670965788
     0.07989875876,      0.3732039804,       4.670960928
      0.0798985459,      0.3732026668,       4.670956932
     0.07989834437,      0.3732014674,       4.670953703
     0.07989815413,      0.3732003752,       4.670951154
     0.07989797507,      0.3731993833,       4.670949207
     0.07989780698,       0.373198485,        4.67094779
     0.07989764962,       0.373197674,        4.67094684
     0.07989750266,      0.3731969442,       4.670946298
     0.07989736577,        0.37319629,       4.670946112
     0.07989723856,      0.3731957057,       4.670946235
     0.07989712063,      0.3731951861,       4.670946626
     0.07989701157,      0.3731947262,       4.670947247
     0.07989691095,      0.3731943215,       4.670948063
     0.07989681834,      0.3731939673,       4.670949045
      0.0798967333,      0.3731936596,       4.670950165
      0.0798966554,      0.3731933944,         4.6709514
     0.07989658423,       0.373193168,       4.670952727
     0.07989651937,      0.3731929769,       4.670954127
     0.07989646042,       0.373192818,       4.670955585
     0.07989640698,      0.3731926881,       4.670957083
     0.07989635868,      0.3731925845,        4.67095861
     0.07989631515,      0.3731925045,       4.670960153
     0.07989627605,      0.3731924456,       4.670961703
     0.07989624104,      0.3731924057,        4.67096325
     0.07989620981,      0.3731923826,       4.670964787
     0.07989618207,      0.3731923744,       4.670966306
     0.07989615752,      0.3731923793,       4.670967802
     0.07989613591,      0.3731923957,       4.670969271
     0.07989611698,      0.3731924221,       4.670970708
      0.0798961005,      0.3731924572,        4.67097211
     0.07989608625,      0.3731924996,       4.670973474
     0.07989607403,      0.3731925483,       4.670974798
     0.07989606364,      0.3731926022,       4.670976081
     0.07989605492,      0.3731926605,        4.67097732
     0.07989604768,      0.3731927223,       4.670978516
      0.0798960418,      0.3731927868,       4.670979668
     0.07989603711,      0.3731928534,       4.670980776
      0.0798960335,      0.3731929215,       4.670981839
     0.07989603085,      0.3731929905,       4.670982858
     0.07989602905,      0.3731930601,       4.670983834
     0.07989602799,      0.3731931297,       4.670984767
      0.0798960276,       0.373193199,       4.670985658
     0.07989602777,      0.3731932678,       4.670986508
     0.07989602845,      0.3731933357,       4.670987318
     0.07989602956,      0.3731934025,        4.67098809
     0.07989603104,       0.373193468,       4.670988823
     0.07989603283,      0.3731935321,       4.670989521
     0.07989603489,      0.3731935946,       4.670990183
     0.07989603716,      0.3731936554,       4.670990811
     0.07989603961,      0.3731937144,       4.670991406
      0.0798960422,      0.3731937716,        4.67099197
      0.0798960449,      0.3731938269,       4.670992505
     0.07989604768,      0.3731938802,        4.67099301
     0.07989605051,      0.3731939316,       4.670993488
     0.07989605338,      0.3731939811,       4.670993939
     0.07989605625,      0.3731940286,       4.670994366
     0.07989605913,      0.3731940742,       4.670994768
     0.07989606198,      0.3731941178,       4.670995148
      0.0798960648,      0.3731941596,       4.670995505
     0.07989606758,      0.3731941995,       4.670995843
      0.0798960703,      0.3731942376,        4.67099616
     0.07989607296,      0.3731942739,       4.670996459
     0.07989607556,      0.3731943085,        4.67099674
     0.07989607808,      0.3731943414,       4.670997004
     0.07989608053,      0.3731943727,       4.670997253
      0.0798960829,      0.3731944024,       4.670997486
     0.07989608518,      0.3731944306,       4.670997705
     0.07989608739,      0.3731944573,       4.670997911
      0.0798960895,      0.3731944826,       4.670998104
     0.07989609154,      0.3731945066,       4.670998285
     0.07989609349,      0.3731945293,       4.670998455
     0.07989609535,      0.3731945507,       4.670998614
     0.07989609714,      0.3731945709,       4.670998764
     0.07989609884,        0.37319459,       4.670998903
     0.07989610046,      0.3731946081,       4.670999034
     0.07989610201,      0.3731946251,       4.670999156
     0.07989610347,      0.3731946411,       4.670999271
     0.07989610487,      0.3731946561,       4.670999378
     0.07989610619,      0.3731946703,       4.670999478
     0.07989610745,      0.3731946837,       4.670999572
     0.07989610864,      0.3731946962,       4.670999659
     0.07989610976,       0.373194708,       4.670999741
     0.07989611083,      0.3731947191,       4.670999817
     0.07989611183,      0.3731947294,       4.670999888
     0.07989611278,      0.3731947392,       4.670999955
     0.07989611367,      0.3731947483,       4.671000017
     0.07989611452,      0.3731947569,       4.671000075
     0.07989611531,      0.3731947649,       4.671000129
     0.07989611606,      0.3731947724,       4.671000179
     0.07989611676,      0.3731947794,       4.671000226
     0.07989611742,       0.373194786,        4.67100027
     0.07989611804,      0.3731947922,        4.67100031
     0.07989611862,      0.3731947979,       4.671000348
     0.07989611917,      0.3731948033,       4.671000384
     0.07989611968,      0.3731948083,       4.671000417
