VARIABLES = \
       "CD"       ,       "CL"       ,      "CEff"      
     0.05644078273,      0.3915617133,       6.937567028
     0.02492781266,      0.4129968416,       16.56771283
     0.02339662548,      0.4021191089,       17.18705585
     0.02093102413,      0.4047796179,       19.33873925
     0.02046763769,      0.4091470413,       19.98994938
     0.02015120684,      0.4116141824,       20.42627946
     0.02011335265,      0.4138830815,       20.57752821
     0.02016699861,      0.4161560211,        20.6354961
      0.0202642447,      0.4179102754,       20.62303736
     0.02037684064,      0.4191860783,       20.57169145
     0.02049538822,      0.4203046295,       20.50727827
     0.02060890489,      0.4213795042,       20.44647721
     0.02070697246,      0.4223389595,       20.39597823
     0.02078653948,      0.4231273939,       20.35583625
     0.02085215878,      0.4237835009,       20.32324352
     0.02091015733,      0.4243820136,       20.29549596
     0.02096400531,      0.4249624971,       20.27105464
     0.02101433324,      0.4255203032,       20.24905089
     0.02106059312,      0.4260299546,       20.22877287
     0.02110255607,      0.4264743785,       20.20960765
      0.0211406887,      0.4268500602,         20.190925
     0.02117624032,      0.4271655103,         20.171924
     0.02121046879,      0.4274330124,       20.15198328
     0.02124449435,      0.4276629901,       20.13053279
     0.02127882956,      0.4278611825,       20.10736452
     0.02131341937,      0.4280294292,       20.08262596
     0.02134806889,      0.4281699516,        20.0566128
     0.02138252131,      0.4282863827,       20.02974188
     0.02141663187,      0.4283844926,       20.00242126
     0.02145019513,      0.4284697726,       19.97509906
     0.02148298846,      0.4285470785,       19.94820596
     0.02151473583,      0.4286190107,       19.92211358
     0.02154507641,      0.4286861203,       19.89717335
     0.02157367269,      0.4287479519,       19.87366537
     0.02160024658,      0.4288035954,       19.85179169
     0.02162441623,      0.4288508655,       19.83178926
     0.02164586945,      0.4288882233,       19.81385983
     0.02166446398,      0.4289167494,        19.7981704
     0.02168036703,      0.4289384699,       19.78464983
     0.02169379026,      0.4289554582,       19.77319099
     0.02170525043,      0.4289706912,       19.76345275
     0.02171448171,       0.428982151,       19.75557863
     0.02172187069,      0.4289921272,       19.74931779
      0.0217279276,      0.4290029243,       19.74430936
     0.02173299232,      0.4290143323,       19.74023301
     0.02173745888,      0.4290262097,       19.73672324
     0.02174147392,      0.4290376732,       19.73360568
     0.02174512224,      0.4290478294,        19.7307619
     0.02174847518,      0.4290562346,        19.7281065
     0.02175167649,      0.4290635567,       19.72553964
     0.02175463151,      0.4290691604,       19.72311782
     0.02175729796,      0.4290731184,       19.72088258
     0.02175965795,      0.4290758086,       19.71886734
     0.02176170325,      0.4290775804,       19.71709547
     0.02176343379,      0.4290786629,       19.71557737
     0.02176486405,      0.4290792241,       19.71430757
     0.02176601946,      0.4290793091,       19.71326498
     0.02176692586,      0.4290788144,       19.71242137
     0.02176761847,      0.4290775732,       19.71173712
      0.0217681458,      0.4290754277,       19.71116105
     0.02176855729,      0.4290722232,       19.71064125
     0.02176890389,      0.4290678945,       19.71012857
     0.02176923374,        0.42906248,       19.70958119
     0.02176959217,      0.4290561249,       19.70896476
     0.02177001346,      0.4290490422,       19.70825802
     0.02177051881,        0.42904147,       19.70745271
     0.02177111423,      0.4290336422,       19.70655419
     0.02177178517,      0.4290257268,       19.70558332
     0.02177250325,      0.4290178563,       19.70457193
     0.02177322923,      0.4290101368,       19.70356038
     0.02177391887,      0.4290026575,       19.70259282
     0.02177452643,      0.4289954989,       19.70171431
     0.02177500836,      0.4289887275,       19.70096729
      0.0217753286,      0.4289824031,       19.70038712
     0.02177546111,      0.4289765687,       19.69999931
     0.02177539368,      0.4289712588,       19.69981646
     0.02177512801,       0.428966504,       19.69983844
     0.02177467879,      0.4289623294,       19.70005315
     0.02177407128,      0.4289587467,       19.70043825
     0.02177333902,      0.4289557505,       19.70096319
     0.02177252066,      0.4289533179,       19.70159195
      0.0217716565,      0.4289514055,       19.70228611
     0.02177078671,       0.428949959,       19.70300682
     0.02176994714,       0.428948898,       19.70371794
     0.02176916913,      0.4289481338,       19.70438703
     0.02176847802,      0.4289475801,       19.70498717
     0.02176789202,      0.4289471541,       19.70549806
     0.02176742226,      0.4289467779,       19.70590604
     0.02176707317,      0.4289463775,       19.70620369
     0.02176684256,      0.4289458862,        19.7063899
     0.02176672234,      0.4289452539,       19.70646969
     0.02176669975,      0.4289444526,       19.70645332
     0.02176675886,      0.4289434749,       19.70635489
      0.0217668819,      0.4289423303,       19.70619091
     0.02176705049,      0.4289410411,       19.70597905
     0.02176724669,      0.4289396386,       19.70573701
     0.02176745408,      0.4289381605,       19.70548136
     0.02176765833,      0.4289366446,       19.70522681
     0.02176784772,      0.4289351281,        19.7049857
     0.02176801344,      0.4289336451,       19.70476756
     0.02176814957,      0.4289322241,       19.70457905
     0.02176825273,       0.428930886,       19.70442421
     0.02176832161,      0.4289296469,       19.70430493
     0.02176835641,      0.4289285188,       19.70422161
     0.02176835853,       0.428927513,       19.70417349
     0.02176833057,      0.4289266399,       19.70415869
     0.02176827629,      0.4289259065,       19.70417413
     0.02176820017,      0.4289253135,       19.70421579
     0.02176810694,      0.4289248555,       19.70427914
     0.02176800129,      0.4289245226,       19.70435948
     0.02176788767,      0.4289243031,       19.70445225
     0.02176777018,      0.4289241842,       19.70455314
     0.02176765249,      0.4289241526,       19.70465822
     0.02176753776,      0.4289241951,       19.70476403
      0.0217674286,      0.4289242983,       19.70486759
     0.02176732708,      0.4289244494,       19.70496643
     0.02176723484,      0.4289246362,       19.70505851
     0.02176715318,      0.4289248483,       19.70514219
     0.02176708306,      0.4289250759,       19.70521612
      0.0217670252,      0.4289253089,        19.7052792
     0.02176698004,      0.4289255372,       19.70533057
     0.02176694764,      0.4289257501,       19.70536968
      0.0217669277,      0.4289259384,       19.70539639
     0.02176691959,      0.4289260958,       19.70541096
     0.02176692239,      0.4289262185,       19.70541406
     0.02176693498,      0.4289263049,       19.70540663
     0.02176695597,      0.4289263547,       19.70538992
     0.02176698383,      0.4289263689,       19.70536535
     0.02176701687,      0.4289263496,       19.70533455
     0.02176705337,         0.4289263,       19.70529923
      0.0217670916,      0.4289262244,       19.70526114
     0.02176712992,      0.4289261275,         19.705222
     0.02176716678,      0.4289260145,       19.70518345
     0.02176720077,      0.4289258904,       19.70514698
     0.02176723066,        0.42892576,       19.70511393
     0.02176725544,      0.4289256285,       19.70508545
     0.02176727435,      0.4289255009,       19.70506247
     0.02176728693,      0.4289253822,       19.70504563
     0.02176729303,      0.4289252762,       19.70503524
     0.02176729282,      0.4289251857,       19.70503128
     0.02176728674,      0.4289251122,        19.7050334
     0.02176727549,      0.4289250562,       19.70504101
     0.02176725992,      0.4289250177,       19.70505333
     0.02176724105,      0.4289249958,       19.70506941
     0.02176721993,      0.4289249891,       19.70508822
     0.02176719764,      0.4289249957,        19.7051087
      0.0217671752,      0.4289250132,       19.70512983
     0.02176715351,      0.4289250392,       19.70515065
     0.02176713341,      0.4289250712,       19.70517032
     0.02176711553,       0.428925107,       19.70518815
      0.0217671004,      0.4289251442,       19.70520356
     0.02176708836,      0.4289251807,       19.70521613
     0.02176707961,      0.4289252142,       19.70522559
     0.02176707416,      0.4289252428,       19.70523184
     0.02176707189,      0.4289252652,       19.70523493
      0.0217670725,      0.4289252807,       19.70523509
     0.02176707561,       0.428925289,       19.70523265
     0.02176708078,      0.4289252902,       19.70522803
      0.0217670875,      0.4289252849,        19.7052217
     0.02176709526,      0.4289252736,       19.70521415
     0.02176710358,      0.4289252572,       19.70520587
     0.02176711199,      0.4289252367,       19.70519731
      0.0217671201,      0.4289252132,       19.70518889
     0.02176712759,      0.4289251878,       19.70518095
     0.02176713417,      0.4289251613,       19.70517377
     0.02176713966,      0.4289251348,       19.70516758
     0.02176714392,      0.4289251089,       19.70516254
     0.02176714687,      0.4289250847,       19.70515875
     0.02176714851,       0.428925063,       19.70515627
     0.02176714887,      0.4289250444,       19.70515509
     0.02176714807,      0.4289250293,       19.70515513
     0.02176714624,       0.428925018,       19.70515626
     0.02176714355,      0.4289250103,       19.70515834
     0.02176714018,      0.4289250062,        19.7051612
     0.02176713634,      0.4289250052,       19.70516464
      0.0217671322,      0.4289250072,       19.70516847
     0.02176712796,      0.4289250117,       19.70517252
     0.02176712376,      0.4289250181,       19.70517661
     0.02176711977,      0.4289250261,        19.7051806
     0.02176711608,      0.4289250352,       19.70518435
     0.02176711282,       0.428925045,       19.70518776
     0.02176711004,       0.428925055,       19.70519073
     0.02176710781,      0.4289250648,        19.7051932
     0.02176710616,      0.4289250741,       19.70519512
      0.0217671051,      0.4289250825,       19.70519646
     0.02176710462,      0.4289250897,       19.70519723
     0.02176710469,      0.4289250954,       19.70519743
     0.02176710524,      0.4289250995,       19.70519712
     0.02176710622,      0.4289251021,       19.70519635
     0.02176710755,      0.4289251032,        19.7051952
     0.02176710915,      0.4289251029,       19.70519374
     0.02176711093,      0.4289251013,       19.70519205
     0.02176711282,      0.4289250987,       19.70519022
     0.02176711472,      0.4289250951,       19.70518833
     0.02176711658,      0.4289250908,       19.70518646
     0.02176711832,       0.428925086,       19.70518466
     0.02176711989,      0.4289250809,         19.705183
     0.02176712126,      0.4289250757,       19.70518153
     0.02176712238,      0.4289250706,       19.70518028
     0.02176712323,      0.4289250658,       19.70517929
      0.0217671238,      0.4289250614,       19.70517857
     0.02176712409,      0.4289250577,       19.70517813
     0.02176712412,      0.4289250546,       19.70517797
     0.02176712391,      0.4289250523,       19.70517805
     0.02176712349,      0.4289250508,       19.70517836
     0.02176712289,        0.42892505,       19.70517887
     0.02176712216,      0.4289250498,       19.70517952
     0.02176712134,      0.4289250503,       19.70518028
     0.02176712048,      0.4289250513,       19.70518111
      0.0217671196,      0.4289250528,       19.70518197
     0.02176711876,      0.4289250546,       19.70518282
     0.02176711797,      0.4289250566,       19.70518363
     0.02176711726,      0.4289250587,       19.70518436
     0.02176711666,      0.4289250609,       19.70518501
     0.02176711618,       0.428925063,       19.70518554
     0.02176711582,       0.428925065,       19.70518596
      0.0217671156,      0.4289250668,       19.70518624
     0.02176711551,      0.4289250683,       19.70518639
     0.02176711553,      0.4289250695,       19.70518642
     0.02176711566,      0.4289250703,       19.70518634
     0.02176711589,      0.4289250708,       19.70518616
     0.02176711618,       0.428925071,       19.70518591
     0.02176711653,      0.4289250709,       19.70518559
     0.02176711691,      0.4289250706,       19.70518523
      0.0217671173,        0.42892507,       19.70518485
     0.02176711769,      0.4289250693,       19.70518446
     0.02176711806,      0.4289250684,       19.70518409
     0.02176711839,      0.4289250674,       19.70518374
     0.02176711869,      0.4289250664,       19.70518343
     0.02176711893,      0.4289250655,       19.70518316
     0.02176711912,      0.4289250645,       19.70518295
     0.02176711924,      0.4289250636,        19.7051828
     0.02176711931,      0.4289250629,        19.7051827
     0.02176711932,      0.4289250623,       19.70518266
     0.02176711928,      0.4289250618,       19.70518267
