VARIABLES = \
       "CD"       ,       "CL"       ,      "CEff"      
     0.07315581381,      0.2133982307,       2.917037205
     0.03088310593,      0.2169637138,       7.025320389
      0.0300286875,      0.2151191023,       7.163786374
     0.02738595718,      0.2163803652,       7.901143049
      0.0264667831,      0.2166438781,       8.185500947
      0.0259101113,      0.2163473126,       8.349918304
     0.02567968304,      0.2166146305,       8.435253275
     0.02564642931,      0.2176961855,        8.48836237
     0.02576253654,      0.2194402638,       8.517805051
     0.02593888228,      0.2214161491,       8.536071322
     0.02611115924,      0.2231942902,       8.547850679
     0.02627203452,      0.2247699815,       8.555484401
     0.02642659301,      0.2262131726,       8.560058142
     0.02657503092,      0.2275583179,       8.562861827
     0.02671568664,      0.2288065293,       8.564501164
      0.0268509574,       0.229963409,       8.564439828
     0.02698209902,      0.2310373464,       8.562615765
     0.02710617663,      0.2320022746,       8.559018772
     0.02722189528,      0.2328428851,       8.553514834
     0.02733035978,      0.2335862107,       8.546766769
     0.02743052164,       0.234215383,       8.538495407
     0.02752099087,      0.2347199962,       8.528762547
     0.02760400263,      0.2351239795,       8.517749496
     0.02768096142,      0.2354580115,       8.506135605
     0.02775164113,      0.2357336836,       8.494405162
      0.0278158415,      0.2359509337,       8.482609943
     0.02787445943,      0.2361188062,       8.470794091
     0.02792718115,      0.2362401971,       8.459149379
      0.0279750777,      0.2363262012,       8.447740653
     0.02801883068,      0.2363888779,       8.436785982
     0.02805906384,      0.2364421095,        8.42658582
     0.02809512202,      0.2364859705,       8.417332033
     0.02812742351,       0.236526929,       8.409121757
     0.02815677322,      0.2365707555,       8.401912876
     0.02818356454,      0.2366180708,       8.395604836
     0.02820817581,      0.2366678705,       8.390045214
     0.02823090897,      0.2367207637,       8.385162657
     0.02825194978,      0.2367753441,       8.380849672
      0.0282710628,      0.2368282515,       8.377055124
     0.02828863645,      0.2368807494,       8.373706872
     0.02830476775,      0.2369317435,        8.37073618
     0.02831924767,      0.2369780757,       8.368092208
     0.02833220447,      0.2370190586,       8.365711848
     0.02834377974,      0.2370545671,       8.363548168
     0.02835409349,      0.2370844199,       8.361558798
      0.0283632688,      0.2371085833,       8.359705823
     0.02837138145,      0.2371268979,       8.357960937
     0.02837853957,      0.2371397442,       8.356305426
     0.02838486081,      0.2371478078,       8.354728578
     0.02839041392,      0.2371517477,       8.353233183
     0.02839531815,      0.2371523507,       8.351811711
     0.02839965996,      0.2371503242,       8.350463509
     0.02840345931,      0.2371459175,       8.349191377
     0.02840677995,      0.2371397651,       8.347998806
     0.02840968442,      0.2371324209,       8.346886837
     0.02841223837,      0.2371243979,       8.345854164
     0.02841448639,      0.2371160034,       8.344898448
     0.02841647255,      0.2371075416,       8.344017408
       0.028418235,      0.2370992794,       8.343209191
     0.02841980676,      0.2370914398,       8.342471917
      0.0284212136,      0.2370841814,       8.341803583
     0.02842247359,      0.2370775831,       8.341201635
     0.02842360085,      0.2370716754,       8.340662983
     0.02842460824,      0.2370664441,        8.34018334
     0.02842550705,      0.2370618511,       8.339758046
     0.02842630777,      0.2370578426,       8.339382113
     0.02842701936,      0.2370543548,        8.33905067
     0.02842764982,      0.2370513185,        8.33875892
     0.02842820611,      0.2370486579,       8.338502154
     0.02842869452,      0.2370462977,       8.338275874
     0.02842912031,      0.2370441722,       8.338076228
     0.02842948837,      0.2370422234,        8.33789973
     0.02842980333,      0.2370404021,       8.337743295
     0.02843006971,      0.2370386685,       8.337604198
     0.02843029193,      0.2370369926,       8.337480077
     0.02843047411,      0.2370353511,       8.337368915
     0.02843062029,      0.2370337283,       8.337268966
     0.02843073448,      0.2370321142,       8.337178709
     0.02843082054,      0.2370305035,       8.337096821
     0.02843088206,      0.2370288956,       8.337022225
     0.02843092248,      0.2370272924,       8.336953983
     0.02843094503,      0.2370256993,       8.336891335
     0.02843095254,      0.2370241256,       8.336833783
     0.02843094757,      0.2370225821,       8.336780951
     0.02843093232,        0.23702108,       8.336732588
     0.02843090867,      0.2370196304,       8.336688539
     0.02843087826,      0.2370182443,         8.3366487
      0.0284308426,      0.2370169301,       8.336612932
     0.02843080301,       0.237015695,       8.336581099
      0.0284307606,      0.2370145442,       8.336553059
     0.02843071638,      0.2370134813,       8.336528637
     0.02843067123,      0.2370125075,       8.336507626
     0.02843062592,      0.2370116229,       8.336489797
     0.02843058104,      0.2370108263,       8.336474937
     0.02843053712,      0.2370101155,       8.336462812
     0.02843049459,      0.2370094874,       8.336453192
     0.02843045376,      0.2370089381,       8.336445844
     0.02843041491,      0.2370084633,       8.336440535
     0.02843037822,      0.2370080586,       8.336437059
     0.02843034377,      0.2370077197,       8.336435242
     0.02843031163,      0.2370074423,       8.336434905
     0.02843028183,      0.2370072211,       8.336435864
     0.02843025437,      0.2370070511,       8.336437938
     0.02843022921,      0.2370069274,       8.336440966
     0.02843020629,      0.2370068447,       8.336444775
     0.02843018554,      0.2370067976,       8.336449203
     0.02843016689,      0.2370067815,       8.336454106
     0.02843015021,      0.2370067918,       8.336459358
     0.02843013539,      0.2370068241,       8.336464843
      0.0284301223,      0.2370068746,       8.336470456
     0.02843011082,      0.2370069395,       8.336476103
     0.02843010082,      0.2370070152,         8.3364817
     0.02843009216,      0.2370070989,       8.336487183
     0.02843008472,      0.2370071877,       8.336492488
     0.02843007838,      0.2370072793,       8.336497569
     0.02843007305,      0.2370073719,       8.336502391
     0.02843006862,       0.237007464,       8.336506928
     0.02843006502,      0.2370075544,       8.336511164
     0.02843006217,      0.2370076423,        8.33651509
     0.02843006001,       0.237007727,       8.336518702
     0.02843005849,      0.2370078081,       8.336522003
     0.02843005756,      0.2370078856,          8.336525
     0.02843005716,      0.2370079591,       8.336527701
     0.02843005727,      0.2370080287,       8.336530119
     0.02843005784,      0.2370080946,       8.336532267
     0.02843005883,      0.2370081566,       8.336534158
      0.0284300602,      0.2370082148,       8.336535806
     0.02843006189,      0.2370082693,       8.336537228
     0.02843006386,      0.2370083202,       8.336538437
     0.02843006606,      0.2370083673,       8.336539448
     0.02843006844,      0.2370084107,       8.336540278
     0.02843007094,      0.2370084504,       8.336540943
     0.02843007352,      0.2370084866,       8.336541459
     0.02843007613,      0.2370085193,       8.336541846
     0.02843007873,      0.2370085487,       8.336542118
     0.02843008127,      0.2370085749,       8.336542292
     0.02843008373,      0.2370085979,       8.336542383
     0.02843008606,      0.2370086181,       8.336542406
     0.02843008825,      0.2370086354,       8.336542374
     0.02843009027,      0.2370086501,       8.336542299
      0.0284300921,      0.2370086624,       8.336542193
     0.02843009373,      0.2370086724,       8.336542067
     0.02843009516,      0.2370086803,        8.33654193
     0.02843009636,      0.2370086864,        8.33654179
     0.02843009736,      0.2370086909,       8.336541656
     0.02843009814,       0.237008694,       8.336541535
     0.02843009872,      0.2370086959,       8.336541432
      0.0284300991,      0.2370086968,       8.336541351
      0.0284300993,      0.2370086969,       8.336541297
     0.02843009933,      0.2370086965,       8.336541274
     0.02843009919,      0.2370086956,       8.336541283
     0.02843009892,      0.2370086946,       8.336541327
     0.02843009852,      0.2370086934,       8.336541406
       0.028430098,      0.2370086924,        8.33654152
     0.02843009739,      0.2370086916,        8.33654167
     0.02843009671,      0.2370086911,       8.336541853
     0.02843009596,      0.2370086911,        8.33654207
     0.02843009517,      0.2370086915,       8.336542317
     0.02843009435,      0.2370086925,       8.336542594
     0.02843009352,      0.2370086942,       8.336542896
     0.02843009269,      0.2370086964,        8.33654322
     0.02843009186,      0.2370086994,       8.336543564
     0.02843009107,       0.237008703,       8.336543924
      0.0284300903,      0.2370087072,       8.336544296
     0.02843008958,       0.237008712,       8.336544676
     0.02843008891,      0.2370087173,       8.336545061
      0.0284300883,      0.2370087231,       8.336545445
     0.02843008775,      0.2370087294,       8.336545827
     0.02843008726,       0.237008736,       8.336546203
     0.02843008683,      0.2370087428,       8.336546568
     0.02843008648,      0.2370087499,       8.336546921
      0.0284300862,      0.2370087572,       8.336547259
     0.02843008598,      0.2370087645,       8.336547579
     0.02843008583,      0.2370087718,        8.33654788
     0.02843008574,       0.237008779,       8.336548159
     0.02843008572,      0.2370087861,       8.336548416
     0.02843008575,       0.237008793,       8.336548649
     0.02843008584,      0.2370087996,       8.336548859
     0.02843008597,       0.237008806,       8.336549044
     0.02843008615,      0.2370088121,       8.336549205
     0.02843008637,      0.2370088178,       8.336549342
     0.02843008662,      0.2370088231,       8.336549456
     0.02843008689,       0.237008828,       8.336549548
     0.02843008719,      0.2370088325,       8.336549618
     0.02843008751,      0.2370088366,       8.336549667
     0.02843008784,      0.2370088402,       8.336549697
     0.02843008817,      0.2370088433,        8.33654971
     0.02843008851,       0.237008846,       8.336549706
     0.02843008885,      0.2370088483,       8.336549687
     0.02843008918,      0.2370088501,       8.336549655
      0.0284300895,      0.2370088515,       8.336549612
      0.0284300898,      0.2370088526,       8.336549558
     0.02843009009,      0.2370088532,       8.336549496
     0.02843009036,      0.2370088535,       8.336549427
     0.02843009061,      0.2370088535,       8.336549353
     0.02843009084,      0.2370088532,       8.336549276
     0.02843009105,      0.2370088527,       8.336549196
     0.02843009124,      0.2370088519,       8.336549115
      0.0284300914,       0.237008851,       8.336549034
     0.02843009153,      0.2370088499,       8.336548955
     0.02843009164,      0.2370088486,       8.336548878
     0.02843009173,      0.2370088472,       8.336548805
      0.0284300918,      0.2370088458,       8.336548735
     0.02843009184,      0.2370088443,       8.336548669
     0.02843009187,      0.2370088428,       8.336548609
     0.02843009188,      0.2370088413,       8.336548554
     0.02843009186,      0.2370088398,       8.336548505
     0.02843009184,      0.2370088384,       8.336548462
      0.0284300918,       0.237008837,       8.336548424
     0.02843009174,      0.2370088356,       8.336548393
     0.02843009168,      0.2370088344,       8.336548367
      0.0284300916,      0.2370088332,       8.336548348
     0.02843009152,      0.2370088321,       8.336548333
     0.02843009144,      0.2370088311,       8.336548324
     0.02843009134,      0.2370088302,        8.33654832
     0.02843009125,      0.2370088295,       8.336548321
     0.02843009116,      0.2370088288,       8.336548326
     0.02843009106,      0.2370088283,       8.336548334
     0.02843009097,      0.2370088279,       8.336548346
     0.02843009088,      0.2370088275,       8.336548362
     0.02843009079,      0.2370088273,        8.33654838
     0.02843009071,      0.2370088272,         8.3365484
     0.02843009064,      0.2370088272,       8.336548422
