VARIABLES = \
       "CD"       ,       "CL"       ,      "CEff"      
     0.07493925825,      0.2690767711,       3.590598272
     0.03299834189,      0.2922616339,       8.856858167
      0.0317032836,      0.2922055502,        9.21688598
     0.02853359546,      0.2928775219,       10.26430484
     0.02778909661,      0.2945636504,       10.59997216
      0.0273391711,          0.295897,       10.82318842
     0.02723355023,      0.2970975014,       10.90924609
     0.02725197375,      0.2983781338,       10.94886325
     0.02737724652,      0.2996940259,       10.94682863
     0.02755004384,      0.3010333169,       10.92678178
      0.0277424323,       0.302510938,       10.90426876
     0.02793632077,      0.3040253276,       10.88279771
     0.02813317347,      0.3054984355,       10.85901083
     0.02834456294,      0.3069771218,       10.83019423
      0.0285655858,      0.3084636378,       10.79843557
     0.02878937839,      0.3099275928,       10.76534507
     0.02900076792,        0.31130203,       10.73426852
     0.02920254193,      0.3126193241,       10.70520932
     0.02939707149,      0.3138987477,       10.67789177
     0.02958349218,      0.3150934257,       10.65098819
     0.02975480585,      0.3161504037,       10.62518792
     0.02990671566,      0.3170859456,       10.60249976
     0.03004722442,      0.3179667249,       10.58223284
     0.03017564113,      0.3187888351,       10.56444282
     0.03029283409,      0.3195149515,       10.54754238
     0.03039666731,      0.3201144071,        10.5312337
     0.03048566527,      0.3205884673,       10.51603973
     0.03056239112,      0.3209560047,       10.50166538
     0.03063317477,      0.3212488974,       10.48696062
     0.03069976557,       0.321507107,       10.47262417
      0.0307619441,      0.3217511018,       10.45938777
     0.03081867995,      0.3219595383,       10.44689581
     0.03086909521,      0.3221128315,        10.4347999
     0.03091230792,      0.3222058369,       10.42322164
     0.03094866457,      0.3222466486,       10.41229575
      0.0309789109,      0.3222382407,       10.40185828
     0.03100378381,      0.3221893975,       10.39193795
     0.03102471611,      0.3221183817,       10.38263753
     0.03104286128,      0.3220426773,       10.37412996
     0.03105956725,      0.3219735118,       10.36632317
     0.03107451683,       0.321912379,       10.35936876
     0.03108812927,      0.3218602629,       10.35315635
       0.031100445,      0.3218164245,       10.34764694
     0.03111150903,      0.3217791731,       10.34276971
     0.03112128491,      0.3217466796,       10.33847672
     0.03112977496,      0.3217175475,       10.33472127
      0.0311371532,      0.3216917161,       10.33144276
     0.03114370986,      0.3216700984,       10.32857356
     0.03114966925,      0.3216533483,       10.32605983
     0.03115523633,      0.3216421703,        10.3238559
     0.03116047276,      0.3216364336,        10.3219369
     0.03116538373,      0.3216356073,       10.32028388
     0.03116998285,      0.3216389093,       10.31886706
     0.03117424673,      0.3216458459,        10.3176782
     0.03117822364,      0.3216558987,       10.31668457
     0.03118187394,      0.3216676331,       10.31585317
     0.03118518675,        0.32167999,       10.31515356
     0.03118817693,      0.3216923778,       10.31456178
     0.03119086536,      0.3217044523,       10.31405986
     0.03119327193,      0.3217159972,       10.31363423
      0.0311954141,      0.3217268613,       10.31327426
      0.0311973095,      0.3217369443,       10.31297088
     0.03119897736,      0.3217461961,        10.3127161
     0.03120043832,      0.3217546096,       10.31250287
     0.03120171346,      0.3217622096,       10.31232499
     0.03120282352,      0.3217690447,       10.31217718
     0.03120378765,      0.3217751764,       10.31205506
     0.03120462264,      0.3217806659,       10.31195505
     0.03120534294,      0.3217855725,       10.31187426
     0.03120596157,      0.3217899515,       10.31181016
     0.03120649007,      0.3217938502,       10.31176045
     0.03120693869,       0.321797318,       10.31172334
     0.03120731749,      0.3218004139,       10.31169738
     0.03120763642,      0.3218032029,       10.31168137
     0.03120790458,      0.3218057474,       10.31167429
     0.03120813022,       0.321808103,       10.31167522
     0.03120832076,      0.3218103171,       10.31168321
     0.03120848272,      0.3218124273,       10.31169731
     0.03120862174,       0.321814462,       10.31171657
     0.03120874255,      0.3218164415,       10.31174008
     0.03120884906,      0.3218183804,       10.31176702
     0.03120894447,      0.3218202895,       10.31179667
     0.03120903135,      0.3218221773,       10.31182845
     0.03120911174,      0.3218240503,        10.3118619
     0.03120918725,      0.3218259132,       10.31189664
      0.0312092591,      0.3218277695,       10.31193238
     0.03120932827,      0.3218296208,       10.31196885
     0.03120939552,      0.3218314672,       10.31200579
     0.03120946145,      0.3218333069,       10.31204295
     0.03120952653,      0.3218351371,       10.31208009
     0.03120959108,      0.3218369533,       10.31211696
      0.0312096553,      0.3218387504,       10.31215332
     0.03120971929,      0.3218405222,       10.31218894
     0.03120978304,      0.3218422627,       10.31222365
     0.03120984646,      0.3218439657,       10.31225726
     0.03120990942,      0.3218456257,       10.31228964
     0.03120997177,      0.3218472377,       10.31232069
     0.03121003333,       0.321848798,       10.31235034
     0.03121009397,      0.3218503036,       10.31237855
     0.03121015352,      0.3218517529,       10.31240531
     0.03121021186,      0.3218531452,       10.31243064
     0.03121026892,      0.3218544808,       10.31245458
     0.03121032461,      0.3218557605,       10.31247718
     0.03121037891,      0.3218569859,       10.31249851
      0.0312104318,      0.3218581591,       10.31251862
      0.0312104833,      0.3218592819,       10.31253758
     0.03121053341,      0.3218603567,       10.31255546
     0.03121058218,      0.3218613853,        10.3125723
     0.03121062963,      0.3218623697,       10.31258816
      0.0312106758,      0.3218633113,       10.31260308
      0.0312107207,      0.3218642117,       10.31261709
     0.03121076434,      0.3218650719,       10.31263023
     0.03121080671,      0.3218658931,       10.31264254
     0.03121084779,      0.3218666762,       10.31265406
     0.03121088756,      0.3218674221,       10.31266482
     0.03121092599,      0.3218681318,       10.31267486
     0.03121096304,      0.3218688064,       10.31268423
      0.0312109987,       0.321869447,       10.31269297
     0.03121103295,      0.3218700546,       10.31270113
     0.03121106578,      0.3218706307,       10.31270873
      0.0312110972,      0.3218711764,       10.31271584
     0.03121112724,      0.3218716932,       10.31272247
     0.03121115591,      0.3218721823,       10.31272867
     0.03121118326,      0.3218726451,       10.31273446
     0.03121120933,      0.3218730828,       10.31273987
     0.03121123418,      0.3218734968,       10.31274492
     0.03121125784,      0.3218738881,       10.31274964
     0.03121128038,       0.321874258,       10.31275405
     0.03121130183,      0.3218746074,       10.31275815
     0.03121132224,      0.3218749375,       10.31276199
     0.03121134166,      0.3218752492,       10.31276556
     0.03121136012,      0.3218755434,       10.31276888
     0.03121137765,      0.3218758211,       10.31277198
      0.0312113943,       0.321876083,       10.31277487
      0.0312114101,      0.3218763299,       10.31277757
     0.03121142508,      0.3218765628,       10.31278008
     0.03121143926,      0.3218767822,       10.31278242
     0.03121145269,      0.3218769889,       10.31278461
     0.03121146538,      0.3218771836,       10.31278665
     0.03121147738,      0.3218773669,       10.31278856
     0.03121148872,      0.3218775393,       10.31279034
     0.03121149942,      0.3218777016,         10.312792
     0.03121150951,      0.3218778541,       10.31279355
     0.03121151903,      0.3218779974,         10.312795
       0.031211528,       0.321878132,       10.31279635
     0.03121153645,      0.3218782584,       10.31279761
      0.0312115444,       0.321878377,       10.31279878
      0.0312115519,      0.3218784882,       10.31279987
     0.03121155895,      0.3218785924,       10.31280088
     0.03121156558,      0.3218786901,       10.31280181
     0.03121157182,      0.3218787816,       10.31280268
     0.03121157769,      0.3218788673,       10.31280349
      0.0312115832,      0.3218789476,       10.31280424
     0.03121158838,      0.3218790227,       10.31280493
     0.03121159325,       0.321879093,       10.31280558
     0.03121159782,      0.3218791587,       10.31280617
     0.03121160212,      0.3218792203,       10.31280673
     0.03121160615,      0.3218792779,       10.31280724
     0.03121160993,      0.3218793318,       10.31280772
     0.03121161348,      0.3218793822,       10.31280816
     0.03121161682,      0.3218794293,       10.31280857
     0.03121161994,      0.3218794734,       10.31280895
     0.03121162287,      0.3218795147,        10.3128093
     0.03121162563,      0.3218795533,       10.31280963
      0.0312116282,      0.3218795893,       10.31280993
     0.03121163062,       0.321879623,       10.31281021
     0.03121163289,      0.3218796545,       10.31281047
     0.03121163502,       0.321879684,       10.31281071
     0.03121163701,      0.3218797115,       10.31281094
     0.03121163888,      0.3218797372,       10.31281114
     0.03121164063,      0.3218797611,       10.31281133
     0.03121164227,      0.3218797835,       10.31281151
      0.0312116438,      0.3218798044,       10.31281167
     0.03121164524,      0.3218798239,       10.31281182
     0.03121164659,       0.321879842,       10.31281195
     0.03121164785,       0.321879859,       10.31281208
     0.03121164903,      0.3218798747,        10.3128122
     0.03121165013,      0.3218798895,        10.3128123
     0.03121165116,      0.3218799032,        10.3128124
     0.03121165212,      0.3218799159,       10.31281249
     0.03121165302,      0.3218799278,       10.31281258
     0.03121165386,      0.3218799389,       10.31281265
     0.03121165465,      0.3218799492,       10.31281273
     0.03121165538,      0.3218799588,       10.31281279
     0.03121165606,      0.3218799677,       10.31281285
      0.0312116567,      0.3218799761,       10.31281291
     0.03121165729,      0.3218799838,       10.31281296
     0.03121165784,       0.321879991,       10.31281301
     0.03121165836,      0.3218799977,       10.31281305
     0.03121165884,      0.3218800039,       10.31281309
