VARIABLES = \
       "CD"       ,       "CL"       ,      "CEff"      
     0.08172752147,      0.4348735462,       5.321017184
     0.04327444195,      0.4761656991,       11.00339317
     0.04138560384,      0.4680909774,       11.31047838
      0.0388762854,       0.469606286,       12.07950506
     0.03812445477,      0.4710823473,         12.356435
     0.03774300443,      0.4718107199,       12.50061374
     0.03774261061,       0.473228239,       12.53830171
     0.03789965402,      0.4749191726,       12.53096327
     0.03813817521,      0.4767171226,       12.49973603
     0.03842110752,      0.4787524995,       12.46066369
     0.03872027001,        0.48089119,       12.41962388
     0.03900840324,       0.482852112,       12.37815629
     0.03928216013,       0.484574686,       12.33574438
     0.03955274208,       0.486195086,       12.29232312
     0.03982823967,      0.4878308402,       12.24836559
     0.04009210077,       0.489383383,       12.20647892
     0.04034678248,      0.4908731911,       12.16635283
     0.04059098703,      0.4922950914,       12.12818725
     0.04083637358,      0.4937216819,       12.09024305
     0.04107328041,      0.4950714237,       12.05336946
     0.04129334717,      0.4962792508,       12.01838274
     0.04148664567,      0.4972656854,       11.98616271
     0.04167100293,      0.4981534132,       11.95443781
     0.04184774971,      0.4989606787,       11.92323798
      0.0420133879,      0.4996838048,        11.8934423
     0.04216927567,      0.5003422659,       11.86509035
     0.04231241333,      0.5009304112,       11.83885228
     0.04244457453,      0.5014603699,       11.81447512
     0.04256603648,      0.5019344626,        11.7919004
     0.04267443906,      0.5023308834,       11.77123577
     0.04277420856,      0.5026877077,       11.75212177
     0.04286488371,      0.5030071862,       11.73471482
     0.04294919404,      0.5033011303,       11.71852328
       0.043028618,      0.5035848831,       11.70348727
     0.04310298004,      0.5038551582,       11.68956665
     0.04317084319,      0.5040984143,       11.67682577
     0.04323542842,      0.5043329061,       11.66480649
     0.04329630395,      0.5045583087,       11.65361157
     0.04335334279,      0.5047730483,       11.64323247
     0.04340548621,      0.5049678599,       11.63373352
     0.04345282625,       0.505140387,        11.6250295
     0.04349667889,      0.5052999691,       11.61697817
     0.04353748851,       0.505450476,       11.60954601
     0.04357532669,      0.5055900978,       11.60266913
     0.04361043161,       0.505718783,       11.59628016
     0.04364291881,      0.5058362969,       11.59034067
     0.04367367464,      0.5059466151,        11.5847045
     0.04370219842,      0.5060467609,       11.57943488
     0.04372839437,      0.5061358797,       11.57453611
     0.04375228451,      0.5062142126,       11.57000642
     0.04377382919,      0.5062817445,       11.56585462
     0.04379334836,      0.5063416015,        11.5620664
     0.04381089043,      0.5063937147,        11.5586264
     0.04382639332,      0.5064366637,        11.5555177
      0.0438402133,      0.5064729853,       11.55270349
      0.0438525171,      0.5065041363,       11.55017248
     0.04386351043,      0.5065314173,       11.54789966
     0.04387335896,      0.5065555168,       11.54585673
     0.04388217979,      0.5065767571,       11.54401991
     0.04389009699,      0.5065956797,       11.54236865
     0.04389719729,      0.5066126027,       11.54088721
     0.04390357996,      0.5066277466,       11.53955434
     0.04390923012,       0.506640857,       11.53836803
     0.04391425485,      0.5066522429,       11.53730707
     0.04391870765,      0.5066619668,       11.53635874
     0.04392262794,      0.5066700641,       11.53551342
     0.04392604683,      0.5066765724,       11.53476374
     0.04392900311,      0.5066816314,       11.53410266
     0.04393154717,      0.5066854679,       11.53352205
     0.04393372721,      0.5066882887,       11.53301395
     0.04393558576,      0.5066902706,       11.53257119
     0.04393716016,      0.5066915605,        11.5321873
     0.04393848284,      0.5066922744,        11.5318564
     0.04393958173,      0.5066924998,       11.53157313
     0.04394048138,      0.5066923045,       11.53133258
     0.04394120406,      0.5066917451,        11.5311302
     0.04394177034,      0.5066908733,       11.53096176
     0.04394219938,      0.5066897395,       11.53082337
     0.04394250915,      0.5066883948,       11.53071148
     0.04394271634,      0.5066868887,       11.53062284
     0.04394283585,      0.5066852656,       11.53055454
     0.04394288112,      0.5066835639,       11.53050394
     0.04394286411,      0.5066818161,       11.53046863
     0.04394279539,        0.50668005,       11.53044647
     0.04394268423,      0.5066782885,       11.53043555
     0.04394253858,      0.5066765494,       11.53043419
     0.04394236521,      0.5066748456,       11.53044091
     0.04394216978,      0.5066731854,       11.53045441
     0.04394195707,      0.5066715736,       11.53047355
     0.04394173112,      0.5066700127,       11.53049732
     0.04394149542,      0.5066685038,       11.53052483
     0.04394125304,       0.506667048,        11.5305553
     0.04394100669,      0.5066656462,       11.53058804
     0.04394075873,      0.5066642991,       11.53062245
     0.04394051129,      0.5066630084,       11.53065801
      0.0439402662,      0.5066617749,       11.53069425
       0.043940025,      0.5066605996,        11.5307308
     0.04393978902,      0.5066594831,       11.53076732
     0.04393955935,      0.5066584258,       11.53080352
     0.04393933685,      0.5066574275,        11.5308392
     0.04393912218,      0.5066564878,       11.53087414
     0.04393891584,      0.5066556057,       11.53090822
     0.04393871815,      0.5066547796,        11.5309413
     0.04393852933,      0.5066540081,       11.53097329
     0.04393834954,      0.5066532896,       11.53100412
      0.0439381788,      0.5066526219,       11.53103373
     0.04393801707,      0.5066520031,       11.53106209
     0.04393786423,      0.5066514305,       11.53108917
     0.04393772011,      0.5066509015,       11.53111496
     0.04393758448,      0.5066504136,       11.53113945
     0.04393745708,       0.506649964,       11.53116265
     0.04393733762,      0.5066495502,       11.53118458
      0.0439372258,      0.5066491696,       11.53120527
     0.04393712129,      0.5066488199,       11.53122474
     0.04393702378,      0.5066484987,       11.53124302
     0.04393693294,       0.506648204,       11.53126015
     0.04393684845,      0.5066479338,       11.53127618
     0.04393676998,      0.5066476862,       11.53129114
     0.04393669722,      0.5066474597,       11.53130507
     0.04393662987,      0.5066472525,       11.53131804
      0.0439365676,      0.5066470634,       11.53133008
     0.04393651013,       0.506646891,       11.53134124
     0.04393645717,      0.5066467341,       11.53135156
     0.04393640842,      0.5066465914,       11.53136111
     0.04393636362,       0.506646462,       11.53136992
     0.04393632251,      0.5066463447,       11.53137804
     0.04393628483,      0.5066462387,       11.53138552
     0.04393625035,      0.5066461431,       11.53139239
     0.04393621883,       0.506646057,       11.53139871
     0.04393619008,      0.5066459797,       11.53140449
     0.04393616387,      0.5066459104,        11.5314098
     0.04393614003,      0.5066458486,       11.53141464
     0.04393611837,      0.5066457935,       11.53141907
     0.04393609874,      0.5066457446,       11.53142311
     0.04393608097,      0.5066457013,       11.53142679
     0.04393606492,      0.5066456632,       11.53143014
     0.04393605044,      0.5066456298,       11.53143318
     0.04393603742,      0.5066456005,       11.53143593
     0.04393602574,      0.5066455751,       11.53143842
     0.04393601527,      0.5066455531,       11.53144066
     0.04393600592,      0.5066455341,       11.53144269
     0.04393599759,      0.5066455179,        11.5314445
     0.04393599017,      0.5066455041,       11.53144614
      0.0439359836,      0.5066454924,       11.53144759
     0.04393597779,      0.5066454826,        11.5314489
     0.04393597266,      0.5066454745,       11.53145006
     0.04393596815,      0.5066454678,       11.53145109
      0.0439359642,      0.5066454624,         11.531452
     0.04393596075,      0.5066454581,       11.53145281
     0.04393595776,      0.5066454548,       11.53145352
     0.04393595517,      0.5066454523,       11.53145414
     0.04393595294,      0.5066454506,       11.53145469
     0.04393595103,      0.5066454494,       11.53145516
     0.04393594941,      0.5066454489,       11.53145558
     0.04393594805,      0.5066454487,       11.53145593
     0.04393594692,       0.506645449,       11.53145623
       0.043935946,      0.5066454497,       11.53145649
     0.04393594525,      0.5066454506,       11.53145671
     0.04393594465,      0.5066454517,       11.53145689
      0.0439359442,      0.5066454531,       11.53145704
     0.04393594387,      0.5066454546,       11.53145716
     0.04393594364,      0.5066454562,       11.53145726
      0.0439359435,      0.5066454579,       11.53145733
     0.04393594343,      0.5066454597,       11.53145739
     0.04393594344,      0.5066454615,       11.53145743
      0.0439359435,      0.5066454633,       11.53145746
      0.0439359436,      0.5066454652,       11.53145747
     0.04393594374,       0.506645467,       11.53145748
     0.04393594392,      0.5066454689,       11.53145747
