VARIABLES = \
       "CD"       ,       "CL"       ,      "CEff"      
      0.1687334447,      0.5444551719,       3.226717577
      0.1323439723,      0.6074900385,       4.590235793
       0.128054451,       0.609287403,       4.758033774
      0.1241889913,      0.6094791595,        4.90767461
      0.1226620905,      0.6112633706,       4.983311208
       0.121761464,      0.6125348037,       5.030612999
      0.1213277248,      0.6128855849,        5.05148832
      0.1212105393,        0.61292775,       5.056719934
      0.1214268478,      0.6141361881,       5.057663929
      0.1219346785,      0.6167423524,       5.057973333
      0.1226116489,      0.6200087922,         5.0566875
      0.1233453727,      0.6232519162,       5.052900668
      0.1240677057,       0.626123191,       5.046625045
      0.1247021454,      0.6282951964,       5.038367179
      0.1253046483,      0.6300887838,       5.028454989
      0.1258717306,      0.6317026737,       5.018622296
      0.1264277339,      0.6333736242,       5.009768067
      0.1269937098,      0.6352478004,       5.002198938
      0.1275551972,      0.6372170311,       4.995617939
      0.1281095565,       0.639184989,       4.989362282
      0.1286396754,      0.6410697996,       4.983453183
      0.1292115668,       0.643176454,       4.977700293
      0.1297529495,      0.6451779567,       4.972356768
      0.1303125527,      0.6472005051,       4.966524648
      0.1308534458,       0.649052045,       4.960144849
      0.1313395461,      0.6505848937,       4.953457759
      0.1317752865,      0.6518363508,         4.9465751
      0.1321850517,        0.65295509,       4.939704463
      0.1325722308,      0.6539792928,       4.933003607
      0.1329465801,      0.6549429853,       4.926362038
      0.1333148055,       0.655911404,        4.92001921
      0.1336678201,      0.6568097996,       4.913746624
      0.1339808647,      0.6574527132,       4.907064262
      0.1342727702,      0.6578999177,       4.899727001
      0.1345806067,      0.6583960641,       4.892206094
      0.1348978096,      0.6590202177,        4.88532927
      0.1352154081,      0.6598071523,       4.879674303
      0.1355354348,      0.6607216036,       4.874899356
      0.1358657091,      0.6617066115,       4.870298886
      0.1362077869,      0.6627412553,       4.865663485
      0.1365486951,      0.6637896647,       4.861193763
      0.1368818569,       0.664808839,       4.856807573
       0.137214941,      0.6658857135,       4.852865937
       0.137542961,      0.6670601747,       4.849831424
      0.1378775987,      0.6683132635,       4.847148993
       0.138189526,      0.6694769558,       4.844628788
      0.1384681096,      0.6704631955,       4.842004397
      0.1387241662,      0.6713023456,       4.839116096
      0.1389616956,      0.6720156304,       4.835977479
      0.1391728628,      0.6725776433,        4.83267808
      0.1393463809,      0.6729630586,        4.82942617
       0.139504351,       0.673268419,       4.826146384
        0.13965609,      0.6735764227,       4.823108128
      0.1398063103,      0.6739134991,       4.820336777
       0.139954904,      0.6742642807,       4.817725293
      0.1400922401,      0.6745817959,       4.815268823
      0.1402214566,      0.6748801284,        4.81295905
      0.1403432273,      0.6751748336,       4.810882909
      0.1404587739,      0.6754593716,       4.808951075
      0.1405684204,      0.6757257123,       4.807094726
      0.1406624454,      0.6759308637,       4.805339915
      0.1407404377,      0.6760674658,       4.803647599
      0.1408086879,      0.6761668641,       4.802025174
      0.1408671159,      0.6762394249,       4.800548521
       0.140920638,      0.6763064941,       4.799201194
      0.1409706675,      0.6763774803,       4.798001544
      0.1410187151,      0.6764621574,       4.796967244
      0.1410651568,       0.676558751,       4.796072726
       0.141106047,      0.6766456635,       4.795298839
      0.1411403919,       0.676713248,       4.794610804
      0.1411690055,      0.6767639696,       4.793998282
      0.1411934551,      0.6768043169,       4.793453893
      0.1412145983,      0.6768371009,       4.792968356
      0.1412326471,      0.6768619226,       4.792531588
      0.1412474426,      0.6768764281,       4.792132271
      0.1412589557,      0.6768788615,       4.791758922
      0.1412670134,      0.6768672053,       4.791403095
      0.1412723322,      0.6768439435,       4.791058045
      0.1412753966,      0.6768120238,       4.790728181
      0.1412765552,      0.6767739377,       4.790419308
      0.1412761372,      0.6767319635,       4.790136374
      0.1412744564,      0.6766881593,       4.789883299
        0.14127178,      0.6766440439,       4.789661772
      0.1412683158,      0.6766005581,       4.789471398
      0.1412642405,      0.6765583326,       4.789310657
      0.1412597254,      0.6765179123,       4.789177599
      0.1412549373,      0.6764798387,       4.789070398
      0.1412499488,      0.6764440825,        4.78898639
      0.1412448288,       0.676410604,       4.788922962
      0.1412396281,      0.6763792615,       4.788877388
      0.1412343677,      0.6763497428,       4.788846752
      0.1412290697,      0.6763217976,       4.788828525
      0.1412237713,      0.6762953087,       4.788820626
      0.1412185063,      0.6762701947,       4.788821327
      0.1412133063,      0.6762464073,        4.78882922
      0.1412082024,      0.6762239332,       4.788843151
      0.1412032217,      0.6762027606,       4.788862128
      0.1411983802,      0.6761828346,       4.788885209
      0.1411936512,      0.6761639253,        4.78891168
      0.1411891027,      0.6761461829,       4.788940292
      0.1411847484,      0.6761295728,       4.788970343
      0.1411805852,      0.6761140242,       4.789001427
      0.1411766043,      0.6760994202,       4.789033024
      0.1411727965,      0.6760856492,       4.789064649
      0.1411691562,      0.6760726317,       4.789095933
       0.141165679,      0.6760603077,       4.789126596
      0.1411623621,      0.6760486291,       4.789156395
       0.141159203,      0.6760375584,       4.789185146
       0.141156201,      0.6760270748,       4.789212729
      0.1411533557,      0.6760171656,       4.789239066
      0.1411506634,      0.6760077903,       4.789263998
      0.1411481174,      0.6759989362,       4.789287654
      0.1411457161,      0.6759906163,        4.78931019
      0.1411434571,      0.6759828228,       4.789331626
      0.1411413384,      0.6759755337,       4.789351875
      0.1411393554,      0.6759687198,       4.789370889
      0.1411375018,      0.6759623534,       4.789388679
      0.1411357702,      0.6759563987,        4.78940525
      0.1411341581,      0.6759508552,       4.789420678
      0.1411326629,       0.675945723,       4.789435053
      0.1411312804,      0.6759409904,       4.789448438
      0.1411300029,      0.6759366245,       4.789460857
       0.141128822,      0.6759325846,       4.789472305
      0.1411277305,      0.6759288352,       4.789482783
      0.1411267222,      0.6759253518,       4.789492318
      0.1411257926,      0.6759221206,        4.78950097
      0.1411249381,      0.6759191356,       4.789508818
      0.1411241554,       0.675916392,       4.789515941
      0.1411234411,      0.6759138837,       4.789522411
      0.1411227916,      0.6759116031,       4.789528293
      0.1411222031,      0.6759095391,       4.789533641
      0.1411216715,      0.6759076783,       4.789538497
      0.1411211929,       0.675906007,       4.789542897
      0.1411207635,       0.675904512,       4.789546876
      0.1411203797,      0.6759031809,       4.789550469
      0.1411200381,      0.6759020012,       4.789553705
      0.1411197352,      0.6759009607,       4.789556612
      0.1411194678,      0.6759000474,       4.789559214
      0.1411192329,      0.6758992499,       4.789561535
      0.1411190277,      0.6758985573,       4.789563594
      0.1411188494,      0.6758979602,       4.789565413
      0.1411186957,        0.67589745,       4.789567014
      0.1411185644,      0.6758970192,       4.789568417
      0.1411184536,       0.675896661,       4.789569642
      0.1411183612,       0.675896369,       4.789570708
      0.1411182855,      0.6758961368,       4.789571632
      0.1411182248,      0.6758959585,       4.789572429
      0.1411181775,      0.6758958289,       4.789573113
      0.1411181423,      0.6758957426,       4.789573696
      0.1411181178,      0.6758956948,        4.78957419
      0.1411181026,      0.6758956807,       4.789574604
      0.1411180957,      0.6758956961,       4.789574948
       0.141118096,      0.6758957372,        4.78957523
      0.1411181025,      0.6758958003,       4.789575456
      0.1411181144,      0.6758958821,       4.789575633
      0.1411181308,      0.6758959794,       4.789575767
       0.141118151,      0.6758960898,       4.789575863
      0.1411181744,      0.6758962106,       4.789575925
      0.1411182004,      0.6758963399,       4.789575957
      0.1411182286,      0.6758964759,       4.789575965
      0.1411182585,      0.6758966171,       4.789575951
      0.1411182897,       0.675896762,       4.789575919
      0.1411183218,      0.6758969093,       4.789575874
      0.1411183545,       0.675897058,       4.789575816
      0.1411183876,      0.6758972069,        4.78957575
      0.1411184207,      0.6758973553,       4.789575677
      0.1411184537,      0.6758975021,       4.789575598
      0.1411184863,      0.6758976469,       4.789575516
      0.1411185185,       0.675897789,       4.789575432
        0.14111855,      0.6758979278,       4.789575346
      0.1411185807,       0.675898063,        4.78957526
      0.1411186106,      0.6758981941,       4.789575175
      0.1411186396,       0.675898321,       4.789575092
      0.1411186675,      0.6758984435,        4.78957501
      0.1411186945,      0.6758985613,        4.78957493
      0.1411187204,      0.6758986743,       4.789574853
      0.1411187451,      0.6758987826,       4.789574779
      0.1411187688,       0.675898886,       4.789574709
      0.1411187914,      0.6758989847,       4.789574642
      0.1411188128,      0.6758990785,       4.789574578
      0.1411188332,      0.6758991676,       4.789574519
      0.1411188525,       0.675899252,       4.789574462
      0.1411188707,      0.6758993319,        4.78957441
      0.1411188879,      0.6758994073,       4.789574361
      0.1411189041,      0.6758994783,       4.789574316
      0.1411189192,      0.6758995452,       4.789574274
      0.1411189335,       0.675899608,       4.789574235
      0.1411189468,      0.6758996668,         4.7895742
      0.1411189593,       0.675899722,       4.789574168
      0.1411189709,      0.6758997735,       4.789574139
      0.1411189817,      0.6758998216,       4.789574113
      0.1411189917,      0.6758998664,        4.78957409
       0.141119001,       0.675899908,       4.789574069
      0.1411190097,      0.6758999468,       4.789574051
      0.1411190176,      0.6758999827,       4.789574035
       0.141119025,       0.675900016,       4.789574021
      0.1411190318,      0.6759000467,       4.789574009
       0.141119038,      0.6759000752,       4.789573999
      0.1411190437,      0.6759001014,       4.789573991
       0.141119049,      0.6759001255,       4.789573984
      0.1411190537,      0.6759001477,       4.789573979
      0.1411190581,       0.675900168,       4.789573975
      0.1411190621,      0.6759001867,       4.789573972
      0.1411190657,      0.6759002038,        4.78957397
       0.141119069,      0.6759002194,       4.789573969
      0.1411190719,      0.6759002336,        4.78957397
      0.1411190746,      0.6759002466,       4.789573971
       0.141119077,      0.6759002583,       4.789573972
      0.1411190792,       0.675900269,       4.789573975
      0.1411190811,      0.6759002787,       4.789573977
      0.1411190829,      0.6759002874,       4.789573981
      0.1411190844,      0.6759002953,       4.789573984
      0.1411190857,      0.6759003024,       4.789573988
      0.1411190869,      0.6759003087,       4.789573993
       0.141119088,      0.6759003144,       4.789573997
      0.1411190889,      0.6759003195,       4.789574002
      0.1411190897,       0.675900324,       4.789574007
      0.1411190904,       0.675900328,       4.789574012
       0.141119091,      0.6759003316,       4.789574017
      0.1411190915,      0.6759003347,       4.789574022
       0.141119092,      0.6759003375,       4.789574027
      0.1411190923,      0.6759003399,       4.789574032
