VARIABLES = \
       "CD"       ,       "CL"       ,      "CEff"      
     0.05974032734,      0.4128356682,       6.910502278
     0.02776831938,      0.4394669575,       15.82619933
     0.02674284748,      0.4298494943,       16.07343775
     0.02494361503,      0.4328893798,         17.354717
     0.02451268465,      0.4360215534,       17.78758874
      0.0243032188,      0.4374244832,       17.99862343
     0.02431396595,      0.4389202318,       18.05218584
     0.02438260128,      0.4406776481,       18.07344684
     0.02449137167,      0.4423517554,       18.06153454
     0.02462878754,      0.4438611496,       18.02204631
     0.02477763333,      0.4451991353,       17.96778285
     0.02491982777,      0.4463453246,       17.91125239
     0.02505035072,      0.4473503903,       17.85804899
     0.02517352458,      0.4483046447,       17.80857675
     0.02529330183,      0.4492497286,       17.76160865
     0.02540610288,      0.4501384594,       17.71772954
     0.02551032993,      0.4509346909,       17.67655268
     0.02560709799,      0.4516410804,       17.63733948
     0.02570072404,      0.4523068762,       17.59899354
     0.02579025621,      0.4529322798,       17.56214735
      0.0258730009,       0.453503425,       17.52805663
     0.02595022396,       0.454026552,       17.49605524
     0.02602354506,      0.4545154538,       17.46554717
     0.02609318902,      0.4549759604,       17.43657933
     0.02615694558,      0.4553879102,       17.40982749
      0.0262151307,      0.4557562206,       17.38523549
     0.02626982351,      0.4561051559,        17.3623228
        0.02632125,      0.4564334351,        17.3408723
     0.02636886649,      0.4567351403,       17.32100014
      0.0264121132,      0.4570034382,       17.30279719
     0.02645081519,      0.4572384323,       17.28636449
     0.02648576273,      0.4574454322,       17.27137092
     0.02651761301,      0.4576289152,       17.25754558
      0.0265469356,      0.4577928492,        17.2446589
     0.02657392332,      0.4579395224,       17.23266515
      0.0265985244,      0.4580684704,       17.22157453
     0.02662078396,      0.4581793348,       17.21133891
     0.02664062428,      0.4582720833,       17.20200242
     0.02665825774,      0.4583487567,       17.19350008
     0.02667393517,      0.4584124667,       17.18578319
     0.02668792876,      0.4584661479,       17.17878341
      0.0267004511,      0.4585121616,       17.17245001
     0.02671169054,      0.4585521274,       17.16672057
     0.02672183742,      0.4585870929,       17.16151048
     0.02673106329,       0.458618163,       17.15674974
      0.0267393546,      0.4586450801,       17.15243644
      0.0267467677,       0.458667974,       17.14853844
     0.02675332742,      0.4586869239,       17.14504206
     0.02675909163,      0.4587022382,       17.14192113
     0.02676414966,      0.4587144029,       17.13913607
     0.02676858834,       0.458723848,       17.13664696
      0.0267724845,      0.4587309049,       17.13441668
     0.02677588019,      0.4587358145,       17.13242707
     0.02677884702,      0.4587388997,       17.13064418
     0.02678142578,      0.4587403208,       17.12904774
     0.02678366013,      0.4587401828,       17.12761365
     0.02678557565,      0.4587387706,       17.12633608
     0.02678721803,      0.4587363878,       17.12519708
     0.02678860122,      0.4587330786,       17.12418931
     0.02678975285,      0.4587290127,       17.12330141
     0.02679070157,      0.4587244125,       17.12252332
     0.02679147285,      0.4587194543,       17.12184533
     0.02679209035,      0.4587142747,       17.12125738
     0.02679257794,      0.4587089982,       17.12074886
     0.02679295777,      0.4587037313,       17.12030957
     0.02679324937,      0.4586985631,       17.11993035
       0.026793468,      0.4586935538,        17.1196037
     0.02679362578,       0.458688747,       17.11932348
      0.0267937319,      0.4586841689,       17.11908481
     0.02679379314,      0.4586798304,       17.11888377
     0.02679381525,      0.4586757359,       17.11871682
     0.02679380321,      0.4586718816,       17.11858067
     0.02679376127,      0.4586682537,       17.11847206
     0.02679369365,       0.458664834,       17.11838763
     0.02679360453,      0.4586616023,       17.11832395
     0.02679349793,      0.4586585376,       17.11827768
     0.02679337777,      0.4586556214,       17.11824561
     0.02679324766,      0.4586528385,       17.11822487
     0.02679311069,      0.4586501774,       17.11821306
     0.02679296926,      0.4586476301,       17.11820835
     0.02679282515,      0.4586451917,       17.11820941
     0.02679267954,      0.4586428595,        17.1182154
     0.02679253314,      0.4586406327,       17.11822583
     0.02679238637,      0.4586385111,       17.11824041
     0.02679223963,      0.4586364957,       17.11825895
      0.0267920934,      0.4586345881,       17.11828117
     0.02679194834,       0.458632789,       17.11830671
     0.02679180524,      0.4586310989,       17.11833506
     0.02679166506,       0.458629517,       17.11836558
     0.02679152879,      0.4586280414,       17.11839757
     0.02679139737,      0.4586266689,       17.11843031
      0.0267912716,      0.4586253951,       17.11846313
     0.02679115208,       0.458624215,       17.11849545
     0.02679103917,      0.4586231231,       17.11852684
     0.02679093297,      0.4586221135,       17.11855701
     0.02679083336,      0.4586211806,       17.11858584
     0.02679074004,      0.4586203188,        17.1186133
     0.02679065259,       0.458619523,       17.11863948
     0.02679057052,      0.4586187882,       17.11866449
     0.02679049337,      0.4586181099,       17.11868847
     0.02679042069,      0.4586174839,       17.11871154
     0.02679035215,      0.4586169065,       17.11873379
     0.02679028748,      0.4586163742,       17.11875524
     0.02679022653,       0.458615884,       17.11877589
     0.02679016917,      0.4586154328,        17.1187957
     0.02679011536,       0.458615018,        17.1188146
     0.02679006506,      0.4586146371,       17.11883253
     0.02679001821,      0.4586142874,       17.11884941
     0.02678997474,      0.4586139668,       17.11886522
     0.02678993457,      0.4586136728,       17.11887992
     0.02678989754,      0.4586134035,       17.11889352
      0.0267898635,      0.4586131566,       17.11890606
     0.02678983223,      0.4586129305,        17.1189176
     0.02678980354,      0.4586127233,        17.1189282
     0.02678977718,      0.4586125336,       17.11893796
     0.02678975295,      0.4586123599,       17.11894696
     0.02678973064,       0.458612201,       17.11895529
     0.02678971006,      0.4586120557,       17.11896301
     0.02678969106,      0.4586119231,       17.11897021
     0.02678967349,      0.4586118021,       17.11897692
     0.02678965724,       0.458611692,       17.11898319
     0.02678964223,       0.458611592,       17.11898905
     0.02678962838,      0.4586115013,       17.11899451
     0.02678961565,      0.4586114193,       17.11899959
     0.02678960397,      0.4586113452,       17.11900429
      0.0267895933,      0.4586112785,       17.11900861
      0.0267895836,      0.4586112185,       17.11901257
     0.02678957481,      0.4586111646,       17.11901618
     0.02678956688,      0.4586111164,       17.11901945
     0.02678955975,      0.4586110731,       17.11902239
     0.02678955334,      0.4586110344,       17.11902504
     0.02678954758,      0.4586109997,       17.11902742
     0.02678954241,      0.4586109684,       17.11902956
     0.02678953775,      0.4586109404,       17.11903149
     0.02678953355,      0.4586109151,       17.11903323
     0.02678952973,      0.4586108922,       17.11903482
     0.02678952626,      0.4586108715,       17.11903626
     0.02678952309,      0.4586108527,       17.11903759
     0.02678952019,      0.4586108357,       17.11903881
     0.02678951753,      0.4586108203,       17.11903993
     0.02678951509,      0.4586108064,       17.11904097
     0.02678951285,      0.4586107938,       17.11904193
     0.02678951081,      0.4586107825,       17.11904281
     0.02678950896,      0.4586107723,       17.11904362
     0.02678950729,      0.4586107633,       17.11904435
     0.02678950578,      0.4586107553,       17.11904501
     0.02678950444,      0.4586107482,       17.11904561
     0.02678950324,       0.458610742,       17.11904614
     0.02678950219,      0.4586107366,       17.11904661
     0.02678950127,      0.4586107319,       17.11904702
     0.02678950047,      0.4586107278,       17.11904738
     0.02678949976,      0.4586107243,        17.1190477
     0.02678949915,      0.4586107212,       17.11904797
     0.02678949862,      0.4586107185,       17.11904821
     0.02678949816,      0.4586107162,       17.11904842
     0.02678949775,      0.4586107141,        17.1190486
     0.02678949739,      0.4586107123,       17.11904877
     0.02678949707,      0.4586107107,       17.11904891
     0.02678949679,      0.4586107092,       17.11904904
     0.02678949653,      0.4586107079,       17.11904915
      0.0267894963,      0.4586107067,       17.11904926
