VARIABLES = \
       "CD"       ,       "CL"       ,      "CEff"      
     0.07230164067,    -0.02042067419,     -0.2824372173
     0.03053192486,    -0.08164342392,      -2.674034614
     0.02734276517,    -0.09875118703,      -3.611602061
     0.02474313245,     -0.1189163799,      -4.806035784
     0.02375957214,     -0.1326337443,       -5.58232882
     0.02311045913,     -0.1385965311,      -5.997134471
      0.0227639934,     -0.1402267589,       -6.16002458
     0.02257628498,     -0.1394950965,      -6.178833081
     0.02245845279,      -0.137251762,      -6.111363205
     0.02237506961,     -0.1344462043,      -6.008750213
     0.02232051609,     -0.1316775115,      -5.899393677
     0.02228938375,     -0.1292851424,      -5.800301336
     0.02227621543,     -0.1274535409,      -5.721507826
     0.02227427158,     -0.1262122198,      -5.666278216
     0.02227817464,     -0.1254235331,      -5.629883736
     0.02228416315,     -0.1248813995,      -5.604042595
     0.02228811375,     -0.1243572935,      -5.579534227
     0.02228800859,     -0.1237515761,      -5.552383721
     0.02228789076,     -0.1230800975,      -5.522285569
     0.02229278862,     -0.1223976833,      -5.490460858
     0.02230480396,     -0.1217674066,      -5.459245768
     0.02232320703,     -0.1212383295,      -5.431044444
     0.02234597941,     -0.1208270219,      -5.407103429
     0.02237008527,     -0.1205155882,      -5.387354886
     0.02239277255,     -0.1202690568,      -5.370887261
     0.02241240582,      -0.120047044,      -5.356276561
     0.02242827645,      -0.119824258,      -5.342553104
     0.02244022117,     -0.1195904376,      -5.329289612
     0.02244891669,     -0.1193425054,      -5.316181045
      0.0224555507,     -0.1190851012,      -5.303147661
     0.02246107825,     -0.1188278181,      -5.290387968
     0.02246610273,     -0.1185800659,      -5.278176966
     0.02247094564,     -0.1183502727,      -5.266813182
     0.02247556854,     -0.1181446177,      -5.256579717
     0.02247998346,     -0.1179661082,       -5.24760654
     0.02248427063,     -0.1178150843,      -5.239889089
     0.02248831503,     -0.1176894125,      -5.233358403
      0.0224922445,     -0.1175848181,      -5.227793876
     0.02249611982,     -0.1174969017,      -5.222985239
     0.02249990321,      -0.117421706,       -5.21876494
      0.0225035184,     -0.1173558101,      -5.214998297
     0.02250683819,      -0.117296669,       -5.21160138
     0.02250984015,     -0.1172421897,      -5.208486105
     0.02251252087,     -0.1171909879,      -5.205591527
     0.02251489281,     -0.1171423913,        -5.2028847
     0.02251698135,     -0.1170961769,      -5.200349684
     0.02251880883,     -0.1170522932,      -5.197978902
     0.02252038747,     -0.1170107445,      -5.195769595
     0.02252172436,     -0.1169716016,      -5.193723167
     0.02252283099,     -0.1169350005,      -5.191842913
     0.02252372667,     -0.1169010836,      -5.190130625
     0.02252443316,     -0.1168700303,      -5.188589187
      0.0225249797,     -0.1168419976,      -5.187218778
     0.02252540181,     -0.1168170603,      -5.186014494
     0.02252573762,     -0.1167951771,       -5.18496571
     0.02252602219,     -0.1167761876,      -5.184057202
     0.02252628471,     -0.1167598104,      -5.183269762
     0.02252654581,     -0.1167456875,      -5.182582742
     0.02252681559,     -0.1167334252,      -5.181976331
      0.0225270945,     -0.1167226304,      -5.181432979
     0.02252737592,     -0.1167129506,      -5.180938559
     0.02252764837,     -0.1167041134,      -5.180483623
     0.02252789923,     -0.1166959276,      -5.180062573
     0.02252811137,     -0.1166882785,      -5.179674259
     0.02252827687,     -0.1166811292,      -5.179318856
     0.02252839177,     -0.1166744963,      -5.178998016
     0.02252845666,     -0.1166684146,      -5.178713142
     0.02252847654,     -0.1166629103,      -5.178464248
     0.02252845986,     -0.1166579932,      -5.178249816
     0.02252841686,     -0.1166536495,      -5.178066893
     0.02252835814,     -0.1166498313,      -5.177910908
     0.02252829364,     -0.1166464642,      -5.177776267
      0.0225282315,      -0.116643459,      -5.177657154
      0.0225281775,     -0.1166407235,       -5.17754814
     0.02252813516,     -0.1166381733,      -5.177444668
     0.02252810593,     -0.1166357457,      -5.177343627
     0.02252808936,     -0.1166334052,      -5.177243545
      0.0225280844,      -0.116631134,      -5.177143868
     0.02252808821,     -0.1166289483,      -5.177045971
     0.02252809715,     -0.1166268845,      -5.176952305
     0.02252810797,     -0.1166249833,      -5.176865425
     0.02252811782,     -0.1166232847,      -5.176787763
     0.02252812447,     -0.1166218211,      -5.176721268
     0.02252812639,     -0.1166206126,      -5.176667186
      0.0225281229,     -0.1166196636,      -5.176625861
     0.02252811411,     -0.1166189633,      -5.176596796
     0.02252810078,     -0.1166184898,       -5.17657884
     0.02252808418,     -0.1166182133,      -5.176570381
     0.02252806588,     -0.1166180989,      -5.176569505
     0.02252804755,     -0.1166181093,      -5.176574182
     0.02252803079,     -0.1166182085,      -5.176582439
     0.02252801694,     -0.1166183641,      -5.176592525
       0.022528007,     -0.1166185497,      -5.176603049
     0.02252800149,     -0.1166187463,       -5.17661304
     0.02252800052,      -0.116618942,      -5.176621954
     0.02252800378,     -0.1166191317,      -5.176629621
     0.02252801068,     -0.1166193146,      -5.176636155
     0.02252802043,     -0.1166194931,       -5.17664184
      0.0225280321,     -0.1166196707,      -5.176647042
     0.02252804475,     -0.1166198509,      -5.176652131
     0.02252805746,     -0.1166200361,      -5.176657432
     0.02252806939,     -0.1166202277,      -5.176663194
      0.0225280799,     -0.1166204259,      -5.176669578
     0.02252808851,       -0.11662063,      -5.176676659
     0.02252809495,     -0.1166208385,      -5.176684437
     0.02252809916,     -0.1166210497,      -5.176692843
     0.02252810125,     -0.1166212613,      -5.176701758
     0.02252810147,     -0.1166214712,      -5.176711023
     0.02252810017,     -0.1166216768,       -5.17672045
     0.02252809778,      -0.116621876,       -5.17672984
     0.02252809474,     -0.1166220666,         -5.176739
     0.02252809149,     -0.1166222473,      -5.176747766
     0.02252808843,     -0.1166224172,      -5.176756013
     0.02252808588,     -0.1166225763,      -5.176763658
     0.02252808408,     -0.1166227247,      -5.176770662
     0.02252808317,     -0.1166228634,      -5.176777025
     0.02252808319,     -0.1166229932,      -5.176782782
     0.02252808411,     -0.1166231153,      -5.176787994
     0.02252808581,     -0.1166232311,      -5.176792743
     0.02252808815,     -0.1166233419,      -5.176797123
     0.02252809094,     -0.1166234489,      -5.176801231
     0.02252809399,     -0.1166235533,      -5.176805162
     0.02252809713,     -0.1166236561,      -5.176809003
     0.02252810022,     -0.1166237581,      -5.176812826
     0.02252810312,     -0.1166238602,      -5.176816687
     0.02252810576,     -0.1166239625,      -5.176820623
     0.02252810809,     -0.1166240653,      -5.176824653
     0.02252811009,     -0.1166241686,      -5.176828774
     0.02252811178,     -0.1166242719,      -5.176832972
     0.02252811319,     -0.1166243747,      -5.176837213
     0.02252811435,     -0.1166244763,      -5.176841457
     0.02252811533,     -0.1166245759,      -5.176845651
     0.02252811616,     -0.1166246723,      -5.176849742
     0.02252811689,     -0.1166247647,      -5.176853675
     0.02252811757,     -0.1166248521,        -5.1768574
      0.0225281182,     -0.1166249336,      -5.176860871
     0.02252811883,     -0.1166250086,      -5.176864057
     0.02252811945,     -0.1166250767,      -5.176866934
     0.02252812008,     -0.1166251376,      -5.176869493
     0.02252812073,     -0.1166251915,      -5.176871738
     0.02252812139,     -0.1166252388,      -5.176873685
     0.02252812206,     -0.1166252799,      -5.176875357
     0.02252812274,     -0.1166253156,      -5.176876787
     0.02252812341,     -0.1166253468,      -5.176878013
     0.02252812409,     -0.1166253742,      -5.176879074
     0.02252812476,     -0.1166253987,       -5.17688001
     0.02252812541,     -0.1166254212,      -5.176880857
     0.02252812604,     -0.1166254423,      -5.176881648
     0.02252812665,     -0.1166254626,       -5.17688241
     0.02252812722,     -0.1166254825,      -5.176883163
     0.02252812775,     -0.1166255024,      -5.176883922
     0.02252812825,     -0.1166255223,      -5.176884694
      0.0225281287,     -0.1166255424,      -5.176885482
     0.02252812911,     -0.1166255626,      -5.176886284
     0.02252812948,     -0.1166255827,      -5.176887092
      0.0225281298,     -0.1166256025,      -5.176887899
     0.02252813009,      -0.116625622,      -5.176888694
     0.02252813034,     -0.1166256407,      -5.176889469
     0.02252813056,     -0.1166256586,      -5.176890212
     0.02252813075,     -0.1166256755,      -5.176890917
     0.02252813093,     -0.1166256912,      -5.176891576
     0.02252813109,     -0.1166257058,      -5.176892185
     0.02252813123,      -0.116625719,      -5.176892741
     0.02252813137,     -0.1166257311,      -5.176893243
      0.0225281315,     -0.1166257418,      -5.176893692
     0.02252813162,     -0.1166257514,      -5.176894089
     0.02252813174,     -0.1166257599,      -5.176894439
     0.02252813186,     -0.1166257674,      -5.176894745
     0.02252813198,     -0.1166257741,      -5.176895012
