VARIABLES = \
       "CD"       ,       "CL"       ,      "CEff"      
      0.0422840058,       0.313457494,       7.413145658
      0.0168955061,      0.3192272791,       18.89421229
     0.01672582681,      0.3118107029,        18.6424687
      0.0151398898,      0.3126400006,        20.6500843
     0.01441304897,      0.3132459816,       21.73349874
     0.01391866678,      0.3137932082,        22.5447748
     0.01376115295,      0.3147374984,       22.87144831
     0.01372283789,      0.3156695476,       23.00322646
     0.01373035391,       0.316458674,       23.04810758
     0.01376487109,      0.3171435681,       23.04006816
      0.0138169677,       0.317777402,       22.99906962
     0.01387671069,      0.3184080971,        22.9455023
     0.01393614001,      0.3190384966,       22.89288831
     0.01399068228,      0.3196360863,       22.84635444
     0.01403913713,      0.3201808423,       22.80630493
     0.01408287534,      0.3206821501,       22.77107071
     0.01412372352,      0.3211541718,       22.73863343
     0.01416204791,      0.3215910499,       22.70794817
     0.01419852632,      0.3219914277,       22.67780617
     0.01423304065,      0.3223474574,       22.64782806
     0.01426583817,      0.3226646834,        22.6179969
     0.01429622537,      0.3229382096,       22.58905419
     0.01432450976,      0.3231740842,       22.56091758
     0.01435113507,       0.323384983,       22.53375649
      0.0143758712,      0.3235720648,       22.50799693
     0.01439824596,      0.3237367276,         22.484456
     0.01441839738,      0.3238827208,       22.46315677
     0.01443641799,      0.3240128568,       22.44413101
     0.01445274424,      0.3241302613,       22.42690079
     0.01446757744,      0.3242362634,         22.411234
     0.01448119225,      0.3243311833,       22.39671828
     0.01449376595,      0.3244151087,       22.38307902
     0.01450535085,      0.3244895785,       22.37033643
     0.01451601677,      0.3245551742,       22.35841825
     0.01452575078,      0.3246122781,       22.34736662
     0.01453450189,      0.3246616091,        22.3373055
     0.01454225691,      0.3247039859,       22.32830763
     0.01454907941,      0.3247404462,       22.32034323
     0.01455499552,      0.3247717229,       22.31341964
     0.01456013732,       0.324798621,        22.3073872
     0.01456465742,      0.3248218809,       22.30206119
     0.01456869437,      0.3248419823,       22.29726111
     0.01457234991,      0.3248590722,        22.2928405
     0.01457568199,      0.3248731208,       22.28870807
     0.01457870703,      0.3248840661,       22.28483399
      0.0145814187,      0.3248919115,       22.28122779
     0.01458381991,      0.3248968413,       22.27789724
     0.01458591364,       0.324899167,        22.2748588
     0.01458770586,      0.3248992685,       22.27212912
      0.0145892108,       0.324897595,       22.26971695
     0.01459045182,      0.3248946204,       22.26761887
     0.01459145859,      0.3248907688,       22.26581851
     0.01459226455,       0.324886371,       22.26428734
     0.01459290548,      0.3248816827,       22.26298821
     0.01459341602,      0.3248768848,       22.26188058
     0.01459382603,      0.3248720787,       22.26092582
     0.01459415995,      0.3248673111,        22.2600898
     0.01459443568,       0.324862583,       22.25934529
     0.01459466544,      0.3248578797,       22.25867259
     0.01459485668,      0.3248531817,       22.25805904
     0.01459501306,      0.3248484728,       22.25749791
     0.01459513577,      0.3248437534,       22.25698743
     0.01459522439,      0.3248390374,       22.25652916
     0.01459527806,      0.3248343484,       22.25612606
     0.01459529629,      0.3248297137,       22.25578071
      0.0145952799,      0.3248251618,       22.25549383
     0.01459523146,      0.3248207226,       22.25526355
     0.01459515534,      0.3248164226,       22.25508499
      0.0145950574,      0.3248122823,       22.25495065
     0.01459494427,      0.3248083158,       22.25485139
      0.0145948227,      0.3248045303,       22.25477739
     0.01459469854,      0.3248009232,       22.25471957
      0.0145945762,      0.3247974842,       22.25467049
     0.01459445852,      0.3247942017,       22.25462502
     0.01459434675,      0.3247910648,       22.25458051
     0.01459424083,      0.3247880674,       22.25453665
     0.01459413959,      0.3247852073,       22.25449505
     0.01459404131,      0.3247824859,       22.25445844
     0.01459394417,      0.3247799068,       22.25442985
     0.01459384666,       0.324777475,       22.25441192
     0.01459374784,       0.324775195,       22.25440637
     0.01459364751,      0.3247730704,       22.25441379
     0.01459354608,      0.3247711029,       22.25443365
     0.01459344448,      0.3247692912,       22.25446444
     0.01459334401,      0.3247676315,       22.25450392
     0.01459324614,      0.3247661168,       22.25454938
     0.01459315229,      0.3247647374,       22.25459798
     0.01459306372,      0.3247634811,       22.25464696
     0.01459298141,      0.3247623347,       22.25469392
     0.01459290598,      0.3247612844,       22.25473699
     0.01459283768,      0.3247603175,       22.25477489
     0.01459277638,      0.3247594226,       22.25480704
     0.01459272167,        0.32475859,       22.25483342
     0.01459267288,      0.3247578123,       22.25485454
     0.01459262924,      0.3247570841,        22.2548712
     0.01459258993,      0.3247564018,       22.25488439
      0.0145925542,      0.3247557629,        22.2548951
     0.01459252137,      0.3247551661,       22.25490427
     0.01459249089,      0.3247546104,       22.25491267
     0.01459246233,      0.3247540952,       22.25492093
     0.01459243536,      0.3247536199,       22.25492948
     0.01459240978,      0.3247531834,       22.25493859
     0.01459238543,      0.3247527846,       22.25494839
     0.01459236225,      0.3247524216,       22.25495887
      0.0145923402,      0.3247520924,       22.25496993
     0.01459231932,      0.3247517945,       22.25498136
     0.01459229964,       0.324751525,       22.25499292
      0.0145922812,      0.3247512811,       22.25500432
     0.01459226406,      0.3247510596,       22.25501528
     0.01459224824,      0.3247508577,       22.25502556
     0.01459223376,      0.3247506725,       22.25503496
     0.01459222059,      0.3247505018,       22.25504336
     0.01459220866,      0.3247503436,       22.25505071
     0.01459219788,      0.3247501963,       22.25505704
     0.01459218815,      0.3247500587,       22.25506246
     0.01459217932,      0.3247499302,       22.25506712
     0.01459217126,      0.3247498102,       22.25507119
     0.01459216384,      0.3247496985,       22.25507485
     0.01459215694,      0.3247495951,       22.25507828
     0.01459215047,      0.3247494999,       22.25508162
     0.01459214436,      0.3247494129,       22.25508499
     0.01459213855,       0.324749334,       22.25508845
     0.01459213301,      0.3247492632,       22.25509203
     0.01459212774,      0.3247492001,       22.25509575
     0.01459212274,      0.3247491443,       22.25509956
     0.01459211802,      0.3247490954,       22.25510341
      0.0145921136,      0.3247490526,       22.25510721
     0.01459210951,      0.3247490153,       22.25511089
     0.01459210578,      0.3247489827,       22.25511435
     0.01459210241,      0.3247489541,       22.25511752
     0.01459209942,      0.3247489287,       22.25512035
     0.01459209679,      0.3247489059,        22.2551228
     0.01459209451,      0.3247488853,       22.25512486
     0.01459209255,      0.3247488664,       22.25512655
     0.01459209089,       0.324748849,        22.2551279
     0.01459208947,      0.3247488327,       22.25512895
     0.01459208827,      0.3247488177,       22.25512974
     0.01459208725,      0.3247488037,       22.25513033
     0.01459208639,      0.3247487907,       22.25513076
     0.01459208566,      0.3247487788,       22.25513107
     0.01459208503,       0.324748768,       22.25513128
     0.01459208449,      0.3247487581,       22.25513142
     0.01459208403,      0.3247487493,       22.25513152
     0.01459208363,      0.3247487414,        22.2551316
     0.01459208327,      0.3247487345,       22.25513166
     0.01459208295,      0.3247487283,       22.25513173
     0.01459208265,      0.3247487229,       22.25513182
     0.01459208237,      0.3247487181,       22.25513192
      0.0145920821,      0.3247487139,       22.25513204
     0.01459208183,      0.3247487101,       22.25513219
     0.01459208157,      0.3247487068,       22.25513236
     0.01459208132,      0.3247487038,       22.25513255
