VARIABLES = \
       "CD"       ,       "CL"       ,      "CEff"      
     0.04742953459,      0.2254684826,       4.753757011
     0.01561099187,       0.218632394,       14.00502901
     0.01418424687,       0.217054821,       15.30252702
      0.0121109278,      0.2144216603,       17.70480874
     0.01158216648,      0.2128154126,       18.37440456
     0.01135136175,      0.2133890589,       18.79854273
     0.01132808265,      0.2143635351,        18.9231966
     0.01131427437,      0.2149011852,       18.99381067
     0.01131453837,      0.2151677893,       19.01693045
     0.01133508843,      0.2154158961,       19.00434191
     0.01137012612,      0.2157468128,         18.974883
     0.01141029298,      0.2161667573,       18.94489104
     0.01144691006,      0.2166245627,       18.92428276
     0.01147805055,      0.2170763171,       18.91229841
     0.01150580594,      0.2175021051,       18.90368274
      0.0115327583,      0.2178953357,       18.89360116
     0.01155961427,      0.2182425761,       18.87974554
     0.01158656978,      0.2185457774,       18.86199121
     0.01161345677,      0.2188179316,       18.84175711
     0.01163955591,      0.2190661378,       18.82083299
     0.01166390065,      0.2192898072,       18.80072661
     0.01168634539,      0.2195007101,       18.78266496
     0.01170651623,      0.2196904044,       18.76650577
     0.01172458638,       0.219857162,       18.75180539
     0.01174053189,       0.220000302,       18.73852941
      0.0117551086,      0.2201289789,       18.72623948
     0.01176835519,      0.2202478167,        18.7152591
     0.01178084049,      0.2203651058,       18.70538066
     0.01179285491,      0.2204841046,       18.69641458
     0.01180388495,      0.2205962538,       18.68844493
     0.01181399385,      0.2207017079,       18.68137995
     0.01182316301,      0.2207972599,       18.67497385
     0.01183131732,      0.2208810435,        18.6691843
      0.0118385767,      0.2209530744,       18.66382083
     0.01184514952,      0.2210152115,       18.65871014
     0.01185111506,      0.2210679159,       18.65376505
     0.01185641747,      0.2211115037,       18.64909905
     0.01186102304,      0.2211468157,       18.64483485
     0.01186500835,      0.2211754327,       18.64098415
     0.01186841688,      0.2211985032,       18.63757445
     0.01187133999,      0.2212169928,       18.63454277
     0.01187384742,      0.2212316458,       18.63184172
     0.01187602444,      0.2212431971,       18.62939894
     0.01187793836,      0.2212523208,       18.62716526
     0.01187964185,       0.221259622,        18.6251088
     0.01188118088,      0.2212657144,       18.62320897
     0.01188255527,      0.2212710691,       18.62150557
     0.01188378288,      0.2212760523,       18.62000127
      0.0118848725,      0.2212808449,       18.61869741
      0.0118858292,      0.2212854597,       18.61758704
     0.01188665703,      0.2212897823,       18.61665409
     0.01188735931,      0.2212936339,       18.61587827
     0.01188794385,      0.2212968508,       18.61523353
     0.01188842377,      0.2212993292,       18.61469051
     0.01188881425,       0.221301038,       18.61422287
     0.01188913235,      0.2213020142,       18.61380693
     0.01188939443,      0.2213023527,       18.61342509
     0.01188961503,      0.2213021972,       18.61306666
     0.01188980585,      0.2213017132,       18.61272724
     0.01188997501,      0.2213010692,       18.61240826
     0.01189012648,      0.2213003971,       18.61211464
     0.01189026129,      0.2212997854,       18.61185217
     0.01189037806,      0.2212992791,       18.61162682
       0.011890475,      0.2212988829,       18.61144176
     0.01189055022,      0.2212985687,        18.6112976
     0.01189060308,      0.2212982955,       18.61119188
     0.01189063441,      0.2212980193,       18.61111961
     0.01189064651,      0.2212977026,       18.61107405
     0.01189064277,      0.2212973186,       18.61104761
     0.01189062715,      0.2212968563,       18.61103318
     0.01189060358,      0.2212963167,       18.61102467
     0.01189057535,      0.2212957085,       18.61101771
     0.01189054483,      0.2212950476,        18.6110099
     0.01189051359,      0.2212943518,       18.61100029
     0.01189048213,      0.2212936364,       18.61098935
     0.01189045027,      0.2212929159,       18.61097863
     0.01189041746,      0.2212922043,       18.61097013
     0.01189038318,      0.2212915144,       18.61096578
     0.01189034713,      0.2212908575,       18.61096695
     0.01189030943,      0.2212902435,       18.61097432
     0.01189027054,      0.2212896806,       18.61098785
      0.0118902312,      0.2212891747,       18.61100688
     0.01189019228,      0.2212887288,        18.6110303
     0.01189015469,      0.2212883433,       18.61105672
     0.01189011926,      0.2212880164,       18.61108468
     0.01189008666,      0.2212877441,       18.61111281
     0.01189005728,      0.2212875207,          18.61114
     0.01189003128,      0.2212873397,       18.61116548
     0.01189000857,      0.2212871943,        18.6111888
      0.0118899889,      0.2212870779,       18.61120979
     0.01188997187,      0.2212869844,       18.61122858
     0.01188995703,      0.2212869087,       18.61124545
     0.01188994391,      0.2212868467,       18.61126078
      0.0118899321,      0.2212867956,       18.61127496
     0.01188992127,      0.2212867533,       18.61128836
     0.01188991117,      0.2212867186,       18.61130125
     0.01188990166,      0.2212866907,       18.61131378
     0.01188989268,      0.2212866693,       18.61132603
     0.01188988423,      0.2212866539,       18.61133797
     0.01188987636,      0.2212866445,       18.61134951
     0.01188986911,      0.2212866407,       18.61136053
     0.01188986256,      0.2212866421,       18.61137091
     0.01188985674,      0.2212866486,       18.61138056
     0.01188985168,      0.2212866597,       18.61138942
     0.01188984736,       0.221286675,       18.61139747
     0.01188984372,      0.2212866939,       18.61140475
      0.0118898407,      0.2212867159,       18.61141133
      0.0118898382,      0.2212867403,       18.61141729
     0.01188983611,      0.2212867665,       18.61142277
     0.01188983434,      0.2212867941,       18.61142786
     0.01188983279,      0.2212868226,       18.61143269
     0.01188983137,      0.2212868517,       18.61143736
     0.01188983003,       0.221286881,       18.61144193
     0.01188982872,      0.2212869105,       18.61144646
     0.01188982742,      0.2212869401,       18.61145097
     0.01188982613,      0.2212869698,       18.61145548
     0.01188982486,      0.2212869995,       18.61145997
     0.01188982363,      0.2212870294,       18.61146441
     0.01188982246,      0.2212870592,       18.61146874
     0.01188982138,      0.2212870889,       18.61147294
     0.01188982042,      0.2212871184,       18.61147694
     0.01188981958,      0.2212871476,        18.6114807
      0.0118898189,      0.2212871764,       18.61148418
     0.01188981838,      0.2212872045,       18.61148736
     0.01188981803,      0.2212872319,       18.61149021
     0.01188981784,      0.2212872585,       18.61149274
     0.01188981781,      0.2212872841,       18.61149495
     0.01188981792,      0.2212873088,       18.61149685
     0.01188981816,      0.2212873324,       18.61149846
     0.01188981849,      0.2212873548,       18.61149983
      0.0118898189,      0.2212873762,       18.61150099
     0.01188981936,      0.2212873964,       18.61150197
     0.01188981985,      0.2212874156,       18.61150281
     0.01188982035,      0.2212874336,       18.61150355
     0.01188982084,      0.2212874506,       18.61150421
      0.0118898213,      0.2212874665,       18.61150483
     0.01188982173,      0.2212874815,       18.61150541
     0.01188982212,      0.2212874954,       18.61150598
     0.01188982246,      0.2212875084,       18.61150653
     0.01188982276,      0.2212875205,       18.61150707
     0.01188982302,      0.2212875317,       18.61150761
     0.01188982325,      0.2212875421,       18.61150814
     0.01188982344,      0.2212875518,       18.61150865
     0.01188982361,      0.2212875609,       18.61150914
     0.01188982376,      0.2212875693,       18.61150962
      0.0118898239,      0.2212875772,       18.61151007
     0.01188982402,      0.2212875846,        18.6115105
     0.01188982414,      0.2212875917,       18.61151091
     0.01188982425,      0.2212875983,       18.61151129
